001 0306 0308 0310 0312 0314 0307 0309 0311 0313 0315 0316   -1   -1   -1   -1   -1   -1   -1   -1   -1   -1   -1   -1   -1   -1   -1   -1   -1   -1   -1   -1   -1 2003 2004 2005
002 0163 0165 0167 0169 0171 0164 0166 0168 0170 0172 0173   -1   -1   -1   -1   -1   -1   -1   -1   -1   -1   -1   -1   -1   -1   -1   -1   -1   -1   -1   -1   -1 2006 2007 2008
003   -1   -1   -1   -1   -1   -1   -1   -1   -1   -1   -1 0111 0112 0113 0114 0115   -1   -1   -1   -1   -1   -1   -1   -1   -1   -1   -1 0437 0438 0439 0440 0441   -1   -1   -1
004 0522 0524 0526 0528 0530 0523 0525 0527 0529 0531 0532   -1   -1   -1   -1   -1 0768 0770 0772 0774 0776 0769 0771 0773 0775 0777 0778   -1   -1   -1   -1   -1 2013 2014 2015
005 0335 0337 0339 0341 0343 0336 0338 0340 0342 0344 0345   -1   -1   -1   -1   -1   -1   -1   -1   -1   -1   -1   -1   -1   -1   -1   -1   -1   -1   -1   -1   -1 2016 2017 2018
006 0288 0290 0292 0294 0296 0289 0291 0293 0295 0297 0298   -1   -1   -1   -1   -1 0489 0491 0493 0495 0497 0490 0492 0494 0496 0498 0499   -1   -1   -1   -1   -1   -1   -1   -1
007   -1   -1   -1   -1   -1   -1   -1   -1   -1   -1   -1 0134 0135 0136 0137 0138   -1   -1   -1   -1   -1   -1   -1   -1   -1   -1   -1 0745 0746 0747 0748 0749 2019 2020 2021
008 0073 0075 0077 0079 0081 0074 0076 0078 0080 0082 0084   -1   -1   -1   -1   -1 0454 0456 0458 0460 0462 0455 0457 0459 0461 0463 0464   -1   -1   -1   -1   -1 2022 2023 2024
009   -1   -1   -1   -1   -1   -1   -1   -1   -1   -1   -1 0117 0118 0119 0120 0121   -1   -1   -1   -1   -1   -1   -1   -1   -1   -1   -1 0442 0443 0444 0445 0446 2025 2026 2027
010 0230 0232 0234 0236 0238 0231 0233 0235 0237 0239 0240   -1   -1   -1   -1   -1 0639 0641 0643 0645 0647 0640 0642 0644 0646 0648 0649   -1   -1   -1   -1   -1 2028 2029 2030
011 0152 0154 0156 0158 0160 0153 0155 0157 0159 0161 0162   -1   -1   -1   -1   -1   -1   -1   -1   -1   -1   -1   -1   -1   -1   -1 0824   -1   -1   -1   -1   -1 2031 2032 2033
012 0141 0143 0145 0147 0149 0142 0144 0146 0148 0150 0151   -1   -1   -1   -1   -1 0604 0606 0608 0610 0612 0605 0607 0609 0611 0613 0614   -1   -1   -1   -1   -1 2034 2035 2036
013 0381 0383 0385 0387 0389 0382 0384 0386 0388 0390 0391   -1   -1   -1   -1   -1 0734 0736 0738 0740 0742 0735 0737 0739 0741 0743 0744   -1   -1   -1   -1   -1 2037 2038 2039
014 0522 0524 0526 0528 0530 0523 0525 0527 0529 0531 0532   -1   -1   -1   -1   -1 0768 0770 0772 0774 0776 0769 0771 0773 0775 0777 0778   -1   -1   -1   -1   -1 2013 2014 2015
015 0335 0337 0339 0341 0343 0336 0338 0340 0342 0344 0345   -1   -1   -1   -1   -1   -1   -1   -1   -1   -1   -1   -1   -1   -1   -1   -1   -1   -1   -1   -1   -1 2016 2017 2018
016 0535 0537 0539 0541 0543 0536 0538 0540 0542 0544 0545   -1   -1   -1   -1   -1 0784 0786 0788 0790 0792 0785 0787 0789 0791 0793 0794   -1   -1   -1   -1   -1 2040 2041 2042
017   -1   -1   -1   -1   -1   -1   -1   -1   -1   -1   -1 0127 0128 0129 0130 0131   -1   -1   -1   -1   -1   -1   -1   -1   -1   -1   -1 0761 0762 0763 0764 0765 2043 2044 2045
018 0583 0585 0587 0589 0591 0582 0584 0586 0588 0590 0592   -1   -1   -1   -1   -1   -1   -1   -1   -1   -1   -1   -1   -1   -1   -1   -1 0728 0729 0730 0731   -1   -1   -1   -1
019 0062 0064 0066 0068 0070 0063 0065 0067 0069 0071 0072   -1   -1   -1   -1   -1 0195 0197 0199 0201 0203 0196 0198 0200 0202 0204 0205   -1   -1   -1   -1   -1 2046 2047 2048
020 0370 0372 0374 0376 0378 0371 0373 0375 0377 0379 0380   -1   -1   -1   -1   -1 0702 0704 0706 0708 0710 0703 0705 0707 0709 0711 0712   -1   -1   -1   -1   -1 2049 2050 2051
021 0086 0088 0090 0092 0094 0087 0089 0091 0093 0095 0096   -1   -1   -1   -1   -1   -1   -1   -1   -1   -1   -1   -1   -1   -1   -1   -1   -1   -1   -1   -1   -1 2052 2053 2054
022 0014 0016 0018 0020 0022 0015 0017 0019 0021 0023 0024   -1   -1   -1   -1   -1 0421 0423 0425 0427 0429 0422 0424 0426 0428 0430 0431   -1   -1   -1   -1   -1 2058 2059 2060
023 0001 0003 0005 0007 0009 0002 0004 0006 0008 0010 0013   -1   -1   -1   -1   -1 0357 0359 0361 0363 0365 0358 0360 0362 0364 0366 0367   -1   -1   -1   -1   -1 2061 2062 2063
024 0208 0210 0212 0214 0216 0209 0211 0213 0215 0217 0218   -1   -1   -1   -1   -1 0476 0478 0480 0482 0484 0477 0479 0481 0483 0485 0486   -1   -1   -1   -1   -1 2064 2065 2066
025 0346 0348 0350 0352 0354 0347 0349 0351 0353 0355 0356   -1   -1   -1   -1   -1 0593 0595 0597 0599 0601 0594 0596 0598 0600 0602 0603   -1   -1   -1   -1   -1 2067 2068 2069
026 0535 0537 0539 0541 0543 0536 0538 0540 0542 0544 0545   -1   -1   -1   -1   -1 0784 0786 0788 0790 0792 0785 0787 0789 0791 0793 0794   -1   -1   -1   -1   -1 2040 2041 2042
027 0549 0551 0553 0555 0557 0550 0552 0554 0556 0558 0559   -1   -1   -1   -1   -1 0797 0799 0801 0803 0805 0798 0800 0802 0804 0806 0807   -1   -1   -1   -1   -1 2070 2071 2072
028 0549 0551 0553 0555 0557 0550 0552 0554 0556 0558 0559   -1   -1   -1   -1   -1 0797 0799 0801 0803 0805 0798 0800 0802 0804 0806 0807   -1   -1   -1   -1   -1 2073 2074 2075
029 0230 0232 0234 0236 0238 0231 0233 0235 0237 0239 0240   -1   -1   -1   -1   -1 0639 0641 0643 0645 0647 0640 0642 0644 0646 0648 0649   -1   -1   -1   -1   -1 2076 2077 2078
030 0370 0372 0374 0376 0378 0371 0373 0375 0377 0379 0380   -1   -1   -1   -1   -1 0702 0704 0706 0708 0710 0703 0705 0707 0709 0711 0712   -1   -1   -1   -1   -1 2049 2050 2051
031 0086 0088 0090 0092 0094 0087 0089 0091 0093 0095 0096   -1   -1   -1   -1   -1   -1   -1   -1   -1   -1   -1   -1   -1   -1   -1   -1   -1   -1   -1   -1   -1 2052 2053 2054
032 0014 0016 0018 0020 0022 0015 0017 0019 0021 0023 0024   -1   -1   -1   -1	 -1 0421 0423 0425 0427 0429 0422 0424 0426 0428 0430 0431   -1   -1   -1   -1	 -1   -1   -1	-1
033 0001 0003 0005 0007 0009 0002 0004 0006 0008 0010 0013   -1   -1   -1   -1   -1 0357 0359 0361 0363 0365 0358 0360 0362 0364 0366 0367   -1   -1   -1   -1   -1 2061 2062 2063
034   -1   -1   -1   -1   -1   -1   -1   -1   -1   -1   -1 0301 0302 0303 0304 0305   -1   -1   -1   -1   -1   -1   -1   -1   -1   -1   -1 0723 0724 0725 0726 0727   -1   -1   -1
035   -1   -1   -1   -1   -1   -1   -1   -1   -1   -1   -1 0174 0175 0176 0177 0178   -1   -1   -1   -1   -1   -1   -1   -1   -1   -1   -1 0718 0719 0720 0721 0722   -1   -1   -1
036 0500 0502 0504 0506 0508 0501 0503 0505 0507 0509 0510   -1   -1   -1   -1   -1 0617 0619 0621 0623 0625 0618 0620 0622 0624 0626 0627   -1   -1   -1   -1   -1 2079 2080 2081
037 0410 0412 0414 0416 0418 0411 0413 0415 0417 0419 0420   -1   -1   -1   -1   -1 0628 0630 0632 0634 0636 0629 0631 0633 0635 0637 0638   -1   -1   -1   -1   -1 2082 2083 2084
038   -1   -1   -1   -1   -1   -1   -1   -1   -1   -1   -1 0099 0100 0101 0102 0103   -1   -1   -1   -1   -1   -1   -1   -1   -1   -1   -1 0447 0448 0449 0450 0451 2085 2086 2087
039 0230 0232 0234 0236 0238 0231 0233 0235 0237 0239 0240   -1   -1   -1   -1   -1 0639 0641 0643 0645 0647 0640 0642 0644 0646 0648 0649   -1   -1   -1   -1   -1 2028 2029 2030
040 0243 0245 0247 0249 0251 0244 0246 0248 0250 0252 0253   -1   -1   -1   -1   -1 0679 0681 0683 0685 0687 0680 0682 0684 0686 0688 0689   -1   -1   -1   -1   -1 2088 2089 2090
041 0264 0266 0268 0270 0272 0265 0267 0269 0271 0273 0274   -1   -1   -1   -1   -1   -1   -1   -1   -1   -1   -1   -1   -1   -1   -1   -1   -1   -1   -1   -1   -1 2091 2092 2093
042   -1   -1   -1   -1   -1   -1   -1   -1   -1   -1   -1 0651 0652 0653 0654 0655   -1   -1   -1   -1   -1   -1   -1   -1   -1   -1   -1   -1   -1   -1   -1   -1 2094 2095 2096
043   -1   -1   -1   -1   -1   -1   -1   -1   -1   -1   -1 0661 0662 0663 0664 0665   -1   -1   -1   -1   -1   -1   -1   -1   -1   -1   -1   -1   -1   -1   -1   -1 2097 2098 2099
044   -1   -1   -1   -1   -1   -1   -1   -1   -1   -1   -1 0656 0657 0658 0659 0660   -1   -1   -1   -1   -1   -1   -1   -1   -1   -1   -1   -1   -1   -1   -1   -1 2100 2101 2102
045 0219 0221 0223 0225 0227 0220 0222 0224 0226 0228 0229   -1   -1   -1   -1   -1 0465 0467 0469 0471 0473 0466 0468 0470 0472 0474 0475   -1   -1   -1   -1   -1 2107 2108 2109
046 0500 0502 0504 0506 0508 0501 0503 0505 0507 0509 0510   -1   -1   -1   -1   -1 0617 0619 0621 0623 0625 0618 0620 0622 0624 0626 0627   -1   -1   -1   -1   -1 2079 2080 2081
047   -1   -1   -1   -1   -1   -1   -1   -1   -1   -1   -1 0656 0657 0658 0659 0660   -1   -1   -1   -1   -1   -1   -1   -1   -1   -1   -1   -1   -1   -1   -1   -1 2100 2101 2102
048   -1   -1   -1   -1   -1   -1   -1   -1   -1   -1   -1 0661 0662 0663 0664 0665   -1   -1   -1   -1   -1   -1   -1   -1   -1   -1   -1   -1   -1   -1   -1   -1 2097 2098 2099
049   -1   -1   -1   -1   -1   -1   -1   -1   -1   -1   -1 0651 0652 0653 0654 0655   -1   -1   -1   -1   -1   -1   -1   -1   -1   -1   -1   -1   -1   -1   -1   -1 2094 2095 2096
050 0243 0245 0247 0249 0251 0244 0246 0248 0250 0252 0253   -1   -1   -1   -1   -1 0679 0681 0683 0685 0687 0680 0682 0684 0686 0688 0689   -1   -1   -1   -1   -1 2088 2089 2090
051 0324 0326 0328 0330 0332 0325 0327 0329 0331 0333 0334   -1   -1   -1   -1   -1 0666 0668 0670 0672 0674 0667 0669 0671 0673 0675 0676   -1   -1   -1   -1   -1 2110 2111 2112
052 0324 0326 0328 0330 0332 0325 0327 0329 0331 0333 0334   -1   -1   -1   -1   -1 0666 0668 0670 0672 0674 0667 0669 0671 0673 0675 0676   -1   -1   -1   -1   -1 2110 2111 2112
053   -1   -1   -1   -1   -1   -1   -1   -1   -1   -1   -1 0254 0256 0257 0258   -1   -1   -1   -1   -1   -1   -1   -1   -1   -1   -1   -1   -1   -1   -1   -1   -1   -1   -1   -1
054 0560 0562 0564 0566 0568 0561 0563 0565 0567 0569 0570   -1   -1   -1   -1   -1 0813 0815 0817 0819 0821 0814 0816 0818 0820 0822 0823   -1   -1   -1   -1   -1 2113 2114 2115
055 0511 0513 0515 0517 0519 0512 0514 0516 0518 0520 0521   -1   -1   -1   -1   -1 0750 0752 0754 0756 0758 0751 0753 0755 0757 0759 0760   -1   -1   -1   -1   -1 2116 2117 2118
056 0403 0404 0405 0406 0407   -1   -1   -1   -1   -1   -1 0317 0318 0319 0320 0321   -1   -1   -1   -1   -1   -1   -1   -1   -1   -1   -1 0860 0861 0862 0863 0864 2119 2120 2121
057 0511 0513 0515 0517 0519 0512 0514 0516 0518 0520 0521   -1   -1   -1   -1   -1 0750 0752 0754 0756 0758 0751 0753 0755 0757 0759 0760   -1   -1   -1   -1   -1 2116 2117 2118
058 0277 0279 0281 0283 0285 0278 0280 0282 0284 0286 0287   -1   -1   -1   -1   -1 0571 0573 0575 0577 0579 0572 0574 0576 0578 0580 0581   -1   -1   -1   -1   -1 2122 2123 2124
059 0036 0038 0040 0042 0044 0037 0039 0041 0043 0045 0047   -1   -1   -1   -1   -1 0183 0185 0187 0189 0191 0184 0186 0188 0190 0192 0193   -1   -1   -1   -1   -1 2125 2126 2127
060 0048 0050 0052 0054 0056 0049 0051 0053 0055 0057 0059   -1   -1   -1   -1   -1 0392 0394 0396 0398 0400 0393 0395 0397 0399 0401 0402   -1   -1   -1   -1   -1 2128 2129 2130
061   -1   -1   -1   -1   -1   -1   -1   -1   -1   -1   -1 0865 0866 0867 0868 0869   -1   -1   -1   -1   -1   -1   -1   -1   -1   -1   -1   -1   -1   -1   -1   -1 2131 2132 2133
062 0048 0050 0052 0054 0056 0049 0051 0053 0055 0057 0059   -1   -1   -1   -1   -1 0392 0394 0396 0398 0400 0393 0395 0397 0399 0401 0402   -1   -1   -1   -1   -1   -1   -1   -1
063   -1   -1   -1   -1   -1   -1   -1   -1   -1   -1   -1 0690 0691 0692 0693 0694   -1   -1   -1   -1   -1   -1   -1   -1   -1   -1   -1   -1   -1   -1   -1   -1 2134 2135 2136
064   -1   -1   -1   -1   -1   -1   -1   -1   -1   -1   -1 0837 0838 0839 0840 0841   -1   -1   -1   -1   -1   -1   -1   -1   -1   -1   -1   -1   -1   -1   -1   -1 2137 2138 2139
065   -1   -1   -1   -1   -1   -1   -1   -1   -1   -1   -1 0832 0833 0834 0835 0836   -1   -1   -1   -1   -1   -1   -1   -1   -1   -1   -1 0853 0854 0855 0856 0857 2140 2141 2142
066   -1   -1   -1   -1   -1   -1   -1   -1   -1   -1   -1 0695 0696 0697 0698 0699   -1   -1   -1   -1   -1   -1   -1   -1   -1   -1   -1   -1   -1   -1   -1   -1 2143 2144 2145
067   -1   -1   -1   -1   -1   -1   -1   -1   -1   -1   -1 0713 0714 0715 0716 0717   -1   -1   -1   -1   -1   -1   -1   -1   -1   -1   -1   -1   -1   -1   -1   -1 2146 2147 2148
068   -1   -1   -1   -1   -1   -1   -1   -1   -1   -1   -1 0779 0780 0781 0782 0783   -1   -1   -1   -1   -1   -1   -1   -1   -1   -1   -1   -1   -1   -1   -1   -1 2149 2150 2151
069   -1   -1   -1   -1   -1   -1   -1   -1   -1   -1   -1 0808 0809 0810 0811 0812   -1   -1   -1   -1   -1   -1   -1   -1   -1   -1   -1   -1   -1   -1   -1   -1 2152 2153 2154
070   -1   -1   -1   -1   -1   -1   -1   -1   -1   -1   -1 0827 0828 0829 0830 0831   -1   -1   -1   -1   -1   -1   -1   -1   -1   -1   -1   -1   -1   -1   -1   -1 2157 2158 2159
071 0973 0975 0977 0979 0981 0974 0976 0978 0980 0982 0983   -1   -1   -1   -1   -1 1271 1273 1275 1277 1279 1272 1274 1276 1278 1280 1281   -1   -1   -1   -1   -1 2162 2163 2164
072   -1   -1   -1   -1   -1   -1   -1   -1   -1   -1   -1 1220 1221 1222 1223 1224   -1   -1   -1   -1   -1   -1   -1   -1   -1   -1   -1 1837 1838 1839 1840 1841 2165 2166 2167
073 1043 1045 1047 1049 1051 1044 1046 1048 1050 1052 1053   -1   -1   -1   -1   -1 1395 1397 1399 1401 1403 1396 1398 1400 1402 1404 1405   -1   -1   -1   -1   -1 2168 2169 2170
074   -1   -1   -1   -1   -1   -1   -1   -1   -1   -1   -1 1140 1141 1142 1143 1144   -1   -1   -1   -1   -1   -1   -1   -1   -1   -1   -1 1847 1848 1849 1850 1851 2171 2172 2173
075 0960 0962 0964 0966 0968 0961 0963 0965 0967 0969 0970   -1   -1   -1   -1   -1 1260 1262 1264 1266 1268 1261 1263 1265 1267 1269 1270   -1   -1   -1   -1   -1 2174 2175 2176
076 1008 1010 1012 1014 1016 1009 1011 1013 1015 1017 1018   -1   -1   -1   -1   -1 1306 1308 1310 1312 1314 1307 1309 1311 1313 1315 1316   -1   -1   -1   -1   -1 2177 2178 2179
077 1076 1078 1080 1082 1084 1077 1079 1081 1083 1085 1086   -1   -1   -1   -1   -1 1441 1443 1445 1447 1449 1442 1444 1446 1448 1450 1451   -1   -1   -1   -1   -1 2183 2184 2185
078 1763 1765 1767 1769 1771 1764 1766 1768 1770 1772 1773   -1   -1   -1   -1   -1 1826 1828 1830 1832 1834 1827 1829 1831 1833 1835 1836   -1   -1   -1   -1   -1 2180 2181 2182
079 0949 0951 0953 0955 0957 0950 0952 0954 0956 0958 0959   -1   -1   -1   -1   -1 1249 1251 1253 1255 1257 1250 1252 1254 1256 1258 1259   -1   -1   -1   -1   -1 2189 2190 2191
080 1076 1078 1080 1082 1084 1077 1079 1081 1083 1085 1086   -1   -1   -1   -1   -1 1441 1443 1445 1447 1449 1442 1444 1446 1448 1450 1451   -1   -1   -1   -1   -1 2183 2184 2185
081 1498 1500 1502 1504 1506 1499 1501 1503 1505 1507 1508   -1   -1   -1   -1   -1 1741 1743 1745 1747 1749 1742 1744 1746 1748 1750 1751   -1   -1   -1   -1   -1 2186 2187 2188
082 0949 0951 0953 0955 0957 0950 0952 0954 0956 0958 0959   -1   -1   -1   -1   -1 1249 1251 1253 1255 1257 1250 1252 1254 1256 1258 1259   -1   -1   -1   -1   -1 2189 2190 2191
083 1032 1034 1036 1038 1040 1033 1035 1037 1039 1041 1042   -1   -1   -1   -1   -1 1328 1330 1332 1334 1336 1329 1331 1333 1335 1337 1338   -1   -1   -1   -1   -1 2192 2193 2194
084 1560 1562 1564 1566 1568 1561 1563 1565 1567 1569 1570   -1   -1   -1   -1   -1 1803 1805 1807 1809 1811 1804 1806 1808 1810 1812 1813   -1   -1   -1   -1   -1 2195 2196 2197
085 1191 1193 1195 1197 1199 1192 1194 1196 1198 1200 1201   -1   -1   -1   -1   -1 1634 1636 1638 1640 1642 1635 1637 1639 1641 1643 1644   -1   -1   -1   -1   -1 2202 2203 2204
086 0925 0927 0929 0931 0933 0926 0928 0930 0932 0934 0935   -1   -1   -1   -1   -1 1227 1229 1231 1233 1235 1228 1230 1232 1234 1236 1237   -1   -1   -1   -1   -1 2205 2206 2207
087 1156 1158 1160 1162 1164 1157 1159 1161 1163 1165 1166   -1   -1   -1   -1   -1 1582 1584 1586 1588 1590 1583 1585 1587 1589 1591 1592   -1   -1   -1   -1   -1 2208 2209 2210
088 1167 1169 1171 1173 1175 1168 1170 1172 1174 1176 1177   -1   -1   -1   -1   -1 1598 1600 1602 1604 1606 1599 1601 1603 1605 1607 1608   -1   -1   -1   -1   -1 2211 2212 2213
089 1363 1365 1367 1369 1371 1364 1366 1368 1370 1372 1373   -1   -1   -1   -1   -1 1695 1697 1699 1701 1703 1696 1698 1700 1702 1704 1705   -1   -1   -1   -1   -1 2214 2215 2216
090 1089 1091 1093 1095 1097 1090 1092 1094 1096 1098 1099   -1   -1   -1   -1   -1 1452 1454 1456 1458 1460 1453 1455 1457 1459 1461 1462   -1   -1   -1   -1   -1 2217 2218 2219
091 1352 1354 1356 1358 1360 1353 1355 1357 1359 1361 1362   -1   -1   -1   -1   -1 1684 1686 1688 1690 1692 1685 1687 1689 1691 1693 1694   -1   -1   -1   -1   -1 2220 2221 2222
092 1180 1182 1184 1186 1188 1181 1183 1185 1187 1189 1190   -1   -1   -1   -1   -1 1618 1620 1622 1624 1626 1619 1621 1623 1625 1627 1628   -1   -1   -1   -1   -1 2223 2224 2225
093 1111 1113 1115 1117 1119 1112 1114 1116 1118 1120 1121   -1   -1   -1   -1   -1 1474 1476 1478 1480 1482 1475 1477 1479 1481 1483 1484   -1   -1   -1   -1   -1 2226 2227 2228
094 1209 1211 1213 1215 1217 1210 1212 1214 1216 1218 1219   -1   -1   -1   -1   -1 1650 1652 1654 1656 1658 1651 1653 1655 1657 1659 1660   -1   -1   -1   -1   -1 2229 2230 2231
095   -1   -1   -1   -1   -1   -1   -1   -1   -1   -1   -1 1122 1123 1124 1125 1126   -1   -1   -1   -1   -1   -1   -1   -1   -1   -1   -1 1593 1594 1595 1596 1597   -1   -1   -1
096   -1   -1   -1   -1   -1   -1   -1   -1   -1   -1   -1 1379 1380 1381 1382 1383   -1   -1   -1   -1   -1   -1   -1   -1   -1   -1   -1 1821 1822 1823 1824 1825 2232 2233 2234
097 1065 1067 1069 1071 1073 1066 1068 1070 1072 1074 1075   -1   -1   -1   -1   -1 1430 1432 1434 1436 1438 1431 1433 1435 1437 1439 1440   -1   -1   -1   -1   -1 2235 2236 2237
098 0938 0940 0942 0944 0946 0939 0941 0943 0945 0947 0948   -1   -1   -1   -1   -1 1238 1240 1242 1244 1246 1239 1241 1243 1245 1247 1248   -1   -1   -1   -1   -1 2238 2239 2240
099 1054 1056 1058 1060 1062 1055 1057 1059 1061 1063 1064   -1   -1   -1   -1   -1 1408 1410 1412 1414 1416 1409 1411 1413 1415 1417 1418   -1   -1   -1   -1   -1 2241 2242 2243
100 1487 1489 1491 1493 1495 1488 1490 1492 1494 1496 1497   -1   -1   -1   -1   -1 1728 1730 1732 1734 1736 1729 1731 1733 1735 1737 1738   -1   -1   -1   -1   -1 2244 2247 2248
101   -1   -1   -1   -1   -1   -1   -1   -1   -1   -1   -1 1202 1203 1204 1205 1206   -1   -1   -1   -1   -1   -1   -1   -1   -1   -1   -1 1842 1843 1844 1845 1846 2249 2250 2251
102 1129 1131 1133 1135 1137 1130 1132 1134 1136 1138 1139   -1   -1   -1   -1   -1 1509 1511 1513 1515 1517 1510 1512 1514 1516 1518 1519   -1   -1   -1   -1   -1   -1   -1   -1
103 1419 1421 1423 1425 1427 1420 1422 1424 1426 1428 1429   -1   -1   -1   -1   -1 1717 1719 1721 1723 1725 1718 1720 1722 1724 1726 1727   -1   -1   -1   -1   -1 2252 2253 2254
104 1341 1343 1345 1347 1349 1342 1344 1346 1348 1350 1351   -1   -1   -1   -1   -1 1673 1675 1677 1679 1681 1674 1676 1678 1680 1682 1683   -1   -1   -1   -1   -1 2255 2256 2257
105 1019 1021 1023 1025 1027 1020 1022 1024 1026 1028 1029   -1   -1   -1   -1   -1 1317 1319 1321 1323 1325 1318 1320 1322 1324 1326 1327   -1   -1   -1   -1   -1 2258 2259 2260
106 1145 1147 1149 1151 1153 1146 1148 1150 1152 1154 1155   -1   -1   -1   -1   -1 1571 1573 1575 1577 1579 1572 1574 1576 1578 1580 1581   -1   -1   -1   -1   -1 2261 2262 2263
107 1100 1102 1104 1106 1108 1101 1103 1105 1107 1109 1110   -1   -1   -1   -1   -1 1463 1465 1467 1469 1471 1464 1466 1468 1470 1472 1473   -1   -1   -1   -1   -1 2264 2265 2266
108   -1   -1   -1   -1   -1   -1   -1   -1   -1   -1   -1 1374 1375 1376 1377 1378   -1   -1   -1   -1   -1   -1   -1   -1   -1   -1   -1 1852 1853 1854 1855 1856 2267 2268 2269
109   -1   -1   -1   -1   -1   -1   -1   -1   -1   -1   -1 1542 1543 1544 1545 1546   -1   -1   -1   -1   -1   -1   -1   -1   -1   -1   -1 1785 1786 1787 1788 1789 2270 2271 2272
110   -1   -1   -1   -1   -1   -1   -1   -1   -1   -1   -1 1666 1667 1668 1669 1670   -1   -1   -1   -1   -1   -1   -1   -1   -1   -1   -1 1814 1815 1816 1817 1818 2273 2274 2275
111 0997 0999 1001 1003 1005 0998 1000 1002 1004 1006 1007   -1   -1   -1   -1   -1 1295 1297 1299 1301 1303 1296 1298 1300 1302 1304 1305   -1   -1   -1   -1   -1 2276 2277 2278
112 0984 0986 0988 0990 0992 0985 0987 0989 0991 0993 0994   -1   -1   -1   -1   -1 1284 1286 1288 1290 1292 1285 1287 1289 1291 1293 1294   -1   -1   -1   -1   -1 2279 2280 2281
113 1531 1533 1535 1537 1539 1532 1534 1536 1538 1540 1541   -1   -1   -1   -1   -1 1774 1776 1778 1780 1782 1775 1777 1779 1781 1783 1784   -1   -1   -1   -1   -1 2282 2283 2284
114 1384 1386 1388 1390 1392 1385 1387 1389 1391 1393 1394   -1   -1   -1   -1   -1 1706 1708 1710 1712 1714 1707 1709 1711 1713 1715 1716   -1   -1   -1   -1   -1 2285 2286 2287
115 1549 1551 1553 1555 1557 1550 1552 1554 1556 1558 1559   -1   -1   -1   -1   -1 1792 1794 1796 1798 1800 1793 1795 1797 1799 1801 1802   -1   -1   -1   -1   -1 2290 2291 2292
116 1520 1522 1524 1526 1528 1521 1523 1525 1527 1529 1530   -1   -1   -1   -1   -1 1752 1754 1756 1758 1760 1753 1755 1757 1759 1761 1762   -1   -1   -1   -1   -1 2293 2294 2295
117   -1   -1   -1   -1   -1   -1   -1   -1   -1   -1   -1 1629 1630 1631 1632 1633   -1   -1   -1   -1   -1   -1   -1   -1   -1   -1   -1   -1   -1   -1   -1   -1 2296 2297 2298
118   -1   -1   -1   -1   -1   -1   -1   -1   -1   -1   -1 1645 1646 1647 1648 1649   -1   -1   -1   -1   -1   -1   -1   -1   -1   -1   -1   -1   -1   -1   -1   -1 2299 2300 2301
119   -1   -1   -1   -1   -1   -1   -1   -1   -1   -1   -1 1661 1662 1663 1664 1665   -1   -1   -1   -1   -1   -1   -1   -1   -1   -1   -1   -1   -1   -1   -1   -1 2302 2303 2304
120   -1   -1   -1   -1   -1   -1   -1   -1   -1   -1   -1 1609 1610 1611 1612 1613   -1   -1   -1   -1   -1   -1   -1   -1   -1   -1   -1   -1   -1   -1   -1   -1 2305 2306 2307
