001   46.30  46.96  -1.00  46.63  6.13  6.23 -1.00  6.18  36.82  37.96  -1.00  37.39  5.22  5.06 -1.00  5.14
002   47.32  46.50  47.26  47.03  6.19  6.13  6.63  6.31  36.76  40.71  39.57  39.02  3.32  3.30  3.30  3.31
003   -1.00  -1.00  -1.00  -1.00 -1.00 -1.00 -1.00 -1.00  -1.00  -1.00  -1.00  -1.00 -1.00 -1.00 -1.00 -1.00
004   46.14  45.82  46.02  45.99  5.56  5.85  5.56  5.65  44.09  43.68  -1.00  43.88  2.00  1.87 -1.00  1.94
005   45.82  46.08  45.95  45.96  5.94 -1.00 -1.00  5.95  37.83  39.83  39.30  38.99  3.32  3.16 -1.00  3.24
006   -1.00  -1.00  -1.00  -1.00 -1.00 -1.00 -1.00 -1.00  -1.00  -1.00  -1.00  -1.00 -1.00 -1.00 -1.00 -1.00
007   50.46  50.73  50.57  50.59  6.61  6.83  7.04  6.83  40.60  41.28  -1.00  40.94  1.43  1.22  1.10  1.25
008   49.07  48.67  47.75  48.50  6.26  6.23  5.99  6.16  39.66  40.32  -1.00  39.99  1.41  1.17 -1.00  1.29
009   51.93  51.83  51.76  51.84  7.51  7.53  7.00  7.35  38.91  40.92  39.34  39.72  1.66  1.28 -1.00  1.47
010   47.32  46.77  47.01  47.03  6.93  6.89  5.69  6.50  38.54  37.02  -1.00  37.78  2.94  2.72 -1.00  2.83
011   46.21  46.86  46.96  46.68  6.13  6.43 -1.00  6.28  36.52  37.33  -1.00  36.93  5.09  5.26  5.11  5.15
012   46.96  47.06  47.08  47.03  7.35  6.43  6.11  6.63  37.32  37.66  -1.00  37.49  4.31  4.41 -1.00  4.36
013   42.82  43.66  43.83  43.44  5.68  5.26  5.89  5.61  37.53  39.03  -1.00  38.28  4.88  4.98 -1.00  4.93
014   -1.00  -1.00  -1.00  -1.00 -1.00 -1.00 -1.00 -1.00  -1.00  -1.00  -1.00  -1.00 -1.00 -1.00 -1.00 -1.00
015   -1.00  -1.00  -1.00  -1.00 -1.00 -1.00 -1.00 -1.00  -1.00  -1.00  -1.00  -1.00 -1.00 -1.00 -1.00 -1.00
016   46.22  46.78  45.97  46.32  7.18  5.84  6.00  6.34  38.37  38.31  -1.00  38.34  3.74  3.56 -1.00  3.65
017   50.20  50.06  49.49  49.92  7.89  6.14  6.74  6.92  42.21  42.93  -1.00  42.57  1.27  1.51 -1.00  1.39
018   -1.00  -1.00  -1.00  -1.00 -1.00 -1.00 -1.00 -1.00  -1.00  -1.00  -1.00  -1.00 -1.00 -1.00 -1.00 -1.00
019   47.21  48.57  48.81  48.20  6.17  5.95  6.71  6.28  40.19  41.84  40.84  40.95 -1.00  1.58 -1.00  1.58
020   50.48  50.43  49.08  50.00  7.31  6.11  5.90  6.44  39.45  39.04  -1.00  39.24  2.82  2.95  2.96  2.91
021   48.74  49.79  48.38  48.97  7.70  6.33  6.30  6.78  39.48  39.95  -1.00  39.71  1.77  1.73  1.95  1.82
022   50.73  50.86  51.19  50.93  6.26  6.01 -1.00  6.13  36.84  35.69  -1.00  36.27  4.03  3.91 -1.00  3.97
023   51.65  50.53  -1.00  51.09  7.43  7.42 -1.00  7.43  38.03  39.53  -1.00  38.78  2.82  2.76 -1.00  2.79
024   43.69  44.09  44.46  44.08  6.69  5.96  5.61  6.09  34.22  35.38  -1.00  34.80  3.12  5.46 -1.00  4.29
025   47.61  47.95  -1.00  47.78  7.28  6.68 -1.00  6.98  38.26  39.71  -1.00  38.99  3.10  3.90 -1.00  3.50
026   -1.00  -1.00  -1.00  -1.00 -1.00 -1.00 -1.00 -1.00  -1.00  -1.00  -1.00  -1.00 -1.00 -1.00 -1.00 -1.00
027   47.70  47.40  47.27  47.46  5.74  6.89  5.66  6.10  38.14  38.52  -1.00  38.33  3.14  3.37 -1.00  3.25
028   46.35  46.69  -1.00  46.52  5.56  5.75 -1.00  5.65  39.08  38.87  -1.00  38.97  2.87  2.83 -1.00  2.85
029   45.77  47.14  46.75  46.56  5.67  6.53  6.31  6.17  37.86  38.94  -1.00  38.40  2.88  2.85 -1.00  2.87
030   -1.00  -1.00  -1.00  -1.00 -1.00 -1.00 -1.00 -1.00  -1.00  -1.00  -1.00  -1.00 -1.00 -1.00 -1.00 -1.00
031   -1.00  -1.00  -1.00  -1.00 -1.00 -1.00 -1.00 -1.00  -1.00  -1.00  -1.00  -1.00 -1.00 -1.00 -1.00 -1.00
032   -1.00  -1.00  -1.00  -1.00 -1.00 -1.00 -1.00 -1.00  -1.00  -1.00  -1.00  -1.00 -1.00 -1.00 -1.00 -1.00
033   -1.00  -1.00  -1.00  -1.00 -1.00 -1.00 -1.00 -1.00  -1.00  -1.00  -1.00  -1.00 -1.00 -1.00 -1.00 -1.00
034   -1.00  -1.00  -1.00  -1.00 -1.00 -1.00 -1.00 -1.00  -1.00  -1.00  -1.00  -1.00 -1.00 -1.00 -1.00 -1.00
035   -1.00  -1.00  -1.00  -1.00 -1.00 -1.00 -1.00 -1.00  -1.00  -1.00  -1.00  -1.00 -1.00 -1.00 -1.00 -1.00
036   40.84  41.95  -1.00  41.40  6.19  5.95 -1.00  6.07  36.04  36.74  -1.00  36.39  5.95  6.04 -1.00  6.00
037   39.84  39.97  -1.00  39.90  5.43  5.33 -1.00  5.38  36.20  35.72  -1.00  35.96  4.63  3.74 -1.00  4.18
038   49.76  50.48  -1.00  50.12  7.42  7.11 -1.00  7.26  41.38  42.21  -1.00  41.79  1.03  1.56 -1.00  1.30
039   -1.00  -1.00  -1.00  -1.00 -1.00 -1.00 -1.00 -1.00  -1.00  -1.00  -1.00  -1.00 -1.00 -1.00 -1.00 -1.00
040   44.19  44.95  44.49  44.54  8.61  7.28  7.32  7.74  38.95  39.49  -1.00  39.22  3.78 -1.00 -1.00  3.78
041   44.37  45.01  -1.00  44.69  6.96  5.90 -1.00  6.43  39.37  39.01  -1.00  39.19  2.86  2.88 -1.00  2.87
042   44.90  45.16  45.32  45.13  6.59  6.98 -1.00  6.78  44.51  45.64  -1.00  45.07  1.65  1.64 -1.00  1.65
043   44.90  44.98  45.55  45.14  6.40  6.87 -1.00  6.63  44.47  43.68  -1.00  44.08  2.24  2.26 -1.00  2.25
044   44.49  42.83  41.87  43.06  7.26  6.10 -1.00  6.68  45.04  45.30  -1.00  45.17  1.86  2.20  1.97  2.01
045   45.57  46.06  -1.00  45.82  6.04  6.08 -1.00  6.06  37.28  36.36  37.46  37.03  5.03  5.14 -1.00  5.09
046   -1.00  -1.00  -1.00  -1.00 -1.00 -1.00 -1.00 -1.00  -1.00  -1.00  -1.00  -1.00 -1.00 -1.00 -1.00 -1.00
047   -1.00  -1.00  -1.00  -1.00 -1.00 -1.00 -1.00 -1.00  -1.00  -1.00  -1.00  -1.00 -1.00 -1.00 -1.00 -1.00
048   -1.00  -1.00  -1.00  -1.00 -1.00 -1.00 -1.00 -1.00  -1.00  -1.00  -1.00  -1.00 -1.00 -1.00 -1.00 -1.00
049   -1.00  -1.00  -1.00  -1.00 -1.00 -1.00 -1.00 -1.00  -1.00  -1.00  -1.00  -1.00 -1.00 -1.00 -1.00 -1.00
050   -1.00  -1.00  -1.00  -1.00 -1.00 -1.00 -1.00 -1.00  -1.00  -1.00  -1.00  -1.00 -1.00 -1.00 -1.00 -1.00
051   47.60  47.53  -1.00  47.57  6.01  5.98 -1.00  5.99  38.99  38.52  -1.00  38.76  2.81  2.64 -1.00  2.73
052   -1.00  -1.00  -1.00  -1.00 -1.00 -1.00 -1.00 -1.00  -1.00  -1.00  -1.00  -1.00 -1.00 -1.00 -1.00 -1.00
053   -1.00  -1.00  -1.00  -1.00 -1.00 -1.00 -1.00 -1.00  -1.00  -1.00  -1.00  -1.00 -1.00 -1.00 -1.00 -1.00
054   45.85  46.43  -1.00  46.14  6.01  6.64 -1.00  6.32  40.71  40.02  -1.00  40.36  2.65  2.65 -1.00  2.65
055   43.76  43.69  43.50  43.65  5.90  6.96  5.97  6.28  40.30  40.03  39.29  39.87  3.31  3.22 -1.00  3.27
056   49.15  49.05  48.31  48.84  6.00  5.35 -1.00  5.67  40.44  41.44  -1.00  40.94  0.52  0.39 -1.00  0.45
057   -1.00  -1.00  -1.00  -1.00 -1.00 -1.00 -1.00 -1.00  -1.00  -1.00  -1.00  -1.00 -1.00 -1.00 -1.00 -1.00
058   44.65  44.63  -1.00  44.64  5.75  5.85 -1.00  5.80  35.94  36.24  -1.00  36.09  4.30  4.37 -1.00  4.34
059   48.87  48.46  -1.00  48.67  7.40  6.14  6.07  6.54  40.76  41.15  -1.00  40.96  2.42  1.99  2.03  2.15
060   47.55  48.37  47.70  47.87  5.94  6.64 -1.00  6.29  37.80  40.61  39.71  39.37  2.65  2.69 -1.00  2.67
061   50.49  49.89  -1.00  50.19  6.15  6.10 -1.00  6.12  42.26  41.10  -1.00  41.68  0.00  0.00 -1.00  0.00
062   -1.00  -1.00  -1.00  -1.00 -1.00 -1.00 -1.00 -1.00  -1.00  -1.00  -1.00  -1.00 -1.00 -1.00 -1.00 -1.00
063   61.77  62.78  -1.00  62.27  9.46  9.44 -1.00  9.45  21.80  22.49  -1.00  22.14  0.00  0.00 -1.00  0.00
064   40.87  43.43  41.70  42.00  5.82  6.14  6.17  6.05  49.49  49.03  -1.00  49.26  0.00  0.00 -1.00  0.00
065   43.70  44.51  -1.00  44.10  6.41  6.42 -1.00  6.41  49.42  49.16  -1.00  49.29  0.00  0.00  0.00  0.00
066   42.03  41.82  -1.00  41.93  6.50  5.76 -1.00  6.13  51.22  50.21  -1.00  50.71  0.00  0.00 -1.00  0.00
067   43.02  43.79  -1.00  43.40  6.65  6.41 -1.00  6.53  50.50  51.94  -1.00  51.22  0.00  0.00  0.00  0.00
068   42.43  43.33  -1.00  42.88  6.52  6.45 -1.00  6.48  52.14  48.85  50.34  50.44  0.00  0.00  0.00  0.00
069   42.99  42.45  -1.00  42.72  6.59  6.45 -1.00  6.52  50.76  50.83  -1.00  50.79  0.00  0.00 -1.00  0.00
070   45.59  45.77  45.93  45.76  6.64  6.38  7.00  6.67  41.91  42.66  -1.00  42.29  3.22  3.01 -1.00  3.12
071   45.04  44.65  -1.00  44.85  5.70  5.78 -1.00  5.74  39.34  39.11  -1.00  39.22  2.07  2.43  2.44  2.31
072   51.29  50.12  -1.00  50.70  6.51  6.73 -1.00  6.62  40.38  39.74  -1.00  40.06  1.60  1.60 -1.00  1.60
073   49.95  49.43  -1.00  49.69  7.57  7.58 -1.00  7.58  36.25  36.90  -1.00  36.57  2.44  2.59 -1.00  2.51
074   53.09  52.88  51.37  52.45  7.93  7.90  6.55  7.46  38.45  39.00  -1.00  38.73  1.43  1.33 -1.00  1.38
075   49.09  51.14  49.73  49.99  6.77  7.22  6.09  6.69  38.80  38.92  -1.00  38.86  2.31  2.37 -1.00  2.34
076   49.36  49.47  -1.00  49.41  6.34  6.35 -1.00  6.35  37.83  37.37  -1.00  37.60  3.47  3.34 -1.00  3.40
077   -1.00  -1.00  -1.00  -1.00 -1.00 -1.00 -1.00 -1.00  -1.00  -1.00  -1.00  -1.00 -1.00 -1.00 -1.00 -1.00
078   43.60  43.67  43.94  43.74  6.02  5.78 -1.00  5.90  38.97  38.53  36.06  37.85  2.09  1.92 -1.00  2.00
079   -1.00  -1.00  -1.00  -1.00 -1.00 -1.00 -1.00 -1.00  -1.00  -1.00  -1.00  -1.00 -1.00 -1.00 -1.00 -1.00
080   45.96  45.93  45.73  45.87  5.69  6.56  5.93  6.06  39.04  40.94  38.85  39.61  2.62  2.50  2.51  2.54
081   44.03  43.14  43.75  43.64  6.02  5.77 -1.00  5.89  40.77  40.31  -1.00  40.54  1.82  1.64 -1.00  1.73
082   50.52  50.45  -1.00  50.48  6.75  7.54 -1.00  7.15  38.23  38.90  -1.00  38.56  2.29  2.04 -1.00  2.17
083   47.77  46.97  -1.00  47.37  7.08  6.87 -1.00  6.98  37.66  38.06  -1.00  37.86  2.66  2.67 -1.00  2.67
084   49.58  49.71  49.88  49.72  5.97  6.40  6.74  6.37  40.17  40.68  -1.00  40.43  1.17  1.02 -1.00  1.09
085   48.19  48.27  -1.00  48.23  6.26  6.51 -1.00  6.39  37.12  38.16  -1.00  37.64  2.88  2.81 -1.00  2.85
086   48.99  49.34  48.48  48.94  7.31  5.92  6.25  6.50  35.78  36.29  -1.00  36.04  3.06  3.15 -1.00  3.11
087   41.56  41.86  41.88  41.77  5.61  5.68  5.71  5.67  40.30  40.41  -1.00  40.36  3.08  3.12 -1.00  3.10
088   45.57  45.84  46.04  45.82  6.05  6.15  6.26  6.15  39.68  39.59  39.91  39.73  2.36  2.41 -1.00  2.38
089   -1.00  -1.00  -1.00  -1.00 -1.00 -1.00 -1.00 -1.00  -1.00  -1.00  -1.00  -1.00 -1.00 -1.00 -1.00 -1.00
090   45.15  44.56  45.05  44.92  7.04  5.86  5.81  6.24  37.60  37.66  -1.00  37.63  2.89  2.66 -1.00  2.78
091   46.66  46.20  46.47  46.44  6.23  6.16 -1.00  6.19  39.04  39.06  -1.00  39.05  2.67  2.66 -1.00  2.66
092   45.69  46.83  46.13  46.22  6.03  5.80 -1.00  5.92  39.71  39.06  -1.00  39.38  2.57  2.17 -1.00  2.37
093   45.13  45.41  44.69  45.08  6.04  5.96 -1.00  6.00  39.33  39.25  -1.00  39.29  2.62  2.48 -1.00  2.55
094   49.91  49.38  49.11  49.47  8.08  8.12  6.89  7.70  38.21  37.68  -1.00  37.94  2.39  2.21 -1.00  2.30
095   -1.00  -1.00  -1.00  -1.00 -1.00 -1.00 -1.00 -1.00  -1.00  -1.00  -1.00  -1.00 -1.00 -1.00 -1.00 -1.00
096   49.92  50.31  -1.00  50.12  5.96  6.14 -1.00  6.05  39.60  39.65  -1.00  39.63  1.11  1.18 -1.00  1.15
097   48.97  49.43  48.82  49.07  6.18  5.71 -1.00  5.94  39.02  37.98  -1.00  38.50  4.46  4.39 -1.00  4.42
098   48.90  47.99  -1.00  48.44  5.89  6.08 -1.00  5.99  38.27  37.81  -1.00  38.04  2.85  2.78 -1.00  2.81
099   47.08  46.55  -1.00  46.82  5.93  6.22 -1.00  6.07  38.25  39.70  -1.00  38.97  2.75  2.65 -1.00  2.70
100   43.39  42.02  41.30  42.24  6.91  5.73  5.66  6.10  37.29  37.86  -1.00  37.58  5.33  5.32  5.02  5.22
101   52.35  51.95  51.99  52.10  6.62  6.24  6.41  6.42  38.24  38.46  -1.00  38.35  1.89  1.93 -1.00  1.91
102   -1.00  -1.00  -1.00  -1.00 -1.00 -1.00 -1.00 -1.00  -1.00  -1.00  -1.00  -1.00 -1.00 -1.00 -1.00 -1.00
103   47.36  47.57  47.25  47.39  6.01  6.10  6.24  6.12  40.09  41.75  -1.00  40.92  3.31  3.14 -1.00  3.23
104   43.17  43.13  41.86  42.72  6.92  6.98 -1.00  6.95  38.58  37.65  -1.00  38.12  3.77  3.71 -1.00  3.74
105   48.12  48.82  47.37  48.10  6.04  6.50 -1.00  6.27  38.28  38.93  -1.00  38.61  2.42  2.13 -1.00  2.28
106   46.69  46.27  46.31  46.42  6.19  6.22 -1.00  6.20  38.56  40.50  40.81  39.96  3.07  3.16 -1.00  3.12
107   43.53  43.93  44.05  43.84  5.47  5.57 -1.00  5.52  38.79  37.99  -1.00  38.39  3.39  3.16 -1.00  3.27
108   52.02  50.71  49.66  50.80  6.46  6.83 -1.00  6.64  38.92  38.62  -1.00  38.77  1.43  1.15 -1.00  1.29
109   43.98  44.43  44.10  44.17  5.90  6.93  5.76  6.20  42.46  40.95  -1.00  41.71  2.88  2.71  2.63  2.74
110   42.96  41.38  -1.00  42.17  5.72  5.73 -1.00  5.72  42.98  43.46  -1.00  43.22  1.65  0.45 -1.00  1.05
111   50.20  49.45  50.30  49.98  7.35  7.47  6.11  6.98  40.65  39.04  -1.00  39.84  2.44  2.26 -1.00  2.35
112   51.76  50.28  50.33  50.79  6.75  6.67  6.68  6.70  37.94  38.03  -1.00  37.99  2.28  2.32  2.12  2.24
113   46.28  45.83  -1.00  46.06  6.41  6.38 -1.00  6.40  37.33  36.42  -1.00  36.87  5.79  5.81 -1.00  5.80
114   37.72  37.21  -1.00  37.47  6.08  5.06  4.97  5.37  39.23  39.33  -1.00  39.28  4.39  4.51  4.10  4.33
115   44.70  45.26  45.22  45.06  6.25  6.01 -1.00  6.13  39.66  40.50  -1.00  40.08  2.26  2.15 -1.00  2.20
116   42.60  42.36  43.57  42.84  5.72  5.80  6.06  5.86  37.61  38.58  -1.00  38.10  1.60  1.67 -1.00  1.64
117   45.09  43.10  43.56  43.92  6.42  6.43  7.03  6.63  46.73  45.99  -1.00  46.36 -1.00  1.34 -1.00  1.34
118   42.30  41.99  42.86  42.38  5.48  6.64  5.40  5.84  40.81  39.69  -1.00  40.25  0.88  0.70 -1.00  0.79
119   40.78  43.66  -1.00  42.22  6.39  6.52 -1.00  6.45  48.13  50.14  -1.00  49.13  1.42  1.40 -1.00  1.41
120   44.25  39.91  43.35  42.50  6.64  6.53 -1.00  6.59  49.85  50.49  -1.00  50.17 -1.00  1.15 -1.00  1.15
