001 2 1 026  31.69   31.35   12.10   15.78    3.04    2.16    0.00    2.43
002 1 1 015  24.21   23.69   24.90   30.01    3.45    3.58    0.00    0.40
003 3 1 009   6.26    7.11   25.20   25.49   12.51   12.29    0.00    2.95
004 2 1 038  10.89   11.86    9.10   11.55    4.28   21.29    9.25    5.13
005 2 1 029  20.64   20.41   11.10   14.79    9.25   22.80    0.35    3.89
006 2 1 024  35.52   35.58   12.40   16.82    3.93    1.60    2.74    2.25
007 3 1 012   7.63    7.94   23.50   27.13   10.68   16.44    0.00    0.00
008 2 1 006   7.37    7.42   14.30   16.66   11.92   22.53    0.00    7.28
009 3 1 010   6.06    7.28   25.10   26.76   12.35   14.46    0.00    0.00
010 2 1 019  18.19   17.69   13.90   15.98    9.82   11.34    0.00    1.61
011 2 1 014  33.05   32.66    2.10   11.34    2.68    3.43    3.02    9.99
012 1 1 013  25.31   26.55   21.80   26.60    2.19    3.03    9.42    0.40
013 2 1 032  31.93   30.33   11.00   14.50    2.62    1.09    1.43    3.66
014 2 2 038  13.70   11.96    8.69   10.61    3.49   17.82    8.67    6.17
015 2 2 029  20.66   19.43   11.50   14.98    6.92   19.12    0.94    4.11
016 1 1 039  25.65   24.09   22.60   25.89    2.39    2.75    0.34    0.00
017 3 1 011   7.90    8.58   29.80   32.51   11.34   13.31    0.00    1.63
018 0 1 042  41.07   40.83   10.90   14.15   10.32    6.82    2.17    6.00
019 2 1 005   9.13    9.83   16.80   19.40   13.17   26.22    3.38    4.01
020 2 1 031  16.99   17.01   22.60   25.56   15.56   16.59    0.70    4.86
021 2 1 007  10.48   11.82   21.90   26.81   20.09   16.80    6.73    2.03
022 2 1 002  25.86   25.13   15.30   18.27   17.36   16.73    2.34    6.52
023 2 1 001  17.02   16.17   23.20   26.29   23.31   18.13    0.12    3.64
024 2 1 017  35.75   34.89    8.30    9.06    3.28   12.49    0.00    0.83
025 2 1 030  24.47   21.78   16.10   18.46    6.80    7.05    1.06    0.83
026 1 2 039  26.09   24.59   23.00   25.45    4.76    2.66    0.34    0.00
027 2 1 103  21.94   20.08   13.20   15.34    6.92   16.18    0.46    3.27
028 2 1 040  20.17   17.92   14.60   16.49    6.31   15.62    2.87    4.49
029 2 2 019  18.45   17.39   13.80   16.74   10.18    9.77    0.00    2.46
030 2 2 031  17.65   17.32   23.10   27.53   30.73   17.58    0.56    4.07
031 2 2 007  10.59   11.70   23.20   26.76   16.72   19.23    6.15    1.43
032 2 2 002  25.23   25.30   15.80   18.07   11.09   13.92    1.02    4.91
033 2 2 001  17.80   16.10   22.60   27.13   19.59   18.84    0.34    2.02
034 0 1 025   7.27    7.57   33.90   38.29    6.14    4.90    0.00    4.00
035 0 1 016  10.19   10.30   41.10   47.27   12.81    8.55    0.80    3.03
036 2 1 036  35.85   34.31    2.10   11.22    2.84   11.73    1.07    2.25
037 2 1 034  27.92   26.32   12.00   12.93    3.55   10.27    0.00    2.47
038 3 1 008   6.17    6.44   28.70   30.69   13.81   13.83    0.00    0.00
039 2 3 019  18.86   17.33   13.60   16.79    9.86   10.63    0.00    1.22
040 1 1 020  24.02   22.25   24.20   26.55    2.01    1.56    0.00    0.00
041 1 1 022  19.58   18.34   24.60   29.84    4.70    3.19    0.00    0.40
042 0 1 043  10.23   10.59    9.20    9.86    3.22    2.27   44.32   49.70
043 0 1 045  15.95   15.32   10.00   10.78    3.86    2.69   32.37   50.18
044 0 1 044  14.45   12.80   11.20   11.12    3.09    2.48   53.87   52.50
045 2 1 018  31.06   31.64   14.90   16.83    4.24    2.90    2.07    3.27
046 2 2 036  35.11   34.73    9.00   10.06    4.03    9.78    3.44    2.90
047 0 2 044  13.18   12.86   11.70   12.63    3.35    2.07   59.04   50.74
048 0 2 045  14.91   15.07    9.70   10.55    3.60    2.15   56.69   51.65
049 0 2 043  11.76   10.58   10.10    9.09    4.52    2.16   52.38   51.11
050 1 2 020  22.40   21.39   22.00   26.33    3.72    2.00    0.00    0.00
051 2 1 028  17.82   18.27   17.00   21.16    8.72    9.14    1.79    1.22
052 2 2 028  21.99   17.91   17.30   20.36    7.97   10.01    1.31    1.22
053 0 1 021  -1.00    7.75   -1.00   21.54   -1.00   17.71   -1.00    3.10
054 2 1 041  17.98   16.13   10.10   13.61    3.93   13.21    4.64    4.03
055 2 1 037  22.27   20.54   10.60   13.60    2.73    5.32    1.98    3.71
056 0 1 033   3.63    3.44   28.80   39.08    3.97   34.91    1.57    3.29
057 2 2 037  21.19   20.57   10.90   13.86    4.20    4.32    1.60    3.75
058 1 1 023  26.30   24.68   10.60   26.23    2.00    2.99    0.00    0.00
059 2 1 003  15.66   14.72   17.70   21.97    8.50    8.80    7.07    6.49
060 2 1 004  17.91   17.05   14.19   17.95   10.61   15.27    1.31    4.10
061 0 1 054   1.92    1.27   59.60   69.74   28.84   24.36    0.58    2.02
062 2 2 004  18.34   16.84   14.49   18.40    9.67   14.66    0.95    4.87
063 0 1 046   5.37    6.81    0.10    0.24    0.92    0.38    2.38    3.55
064 0 1 053  -1.00    0.07   -1.00    0.29   -1.00    0.22   -1.00   84.40
065 0 1 052   0.65    0.14   82.70   94.95    0.44    0.48    0.00    1.57
066 0 1 047   0.46    0.14    0.90    0.20    0.14    0.67  100.00   99.37
067 0 1 048   1.01    0.53    0.60    0.53    0.25    0.15  100.00   97.61
068 0 1 049   0.57    0.33   -1.00    0.30    0.26    0.14  100.00   98.76
069 0 1 050   0.68    0.33   -1.00    0.27    0.25    0.12  100.00   99.89
070 0 1 051  20.14   19.61   17.60    8.28    4.08    3.20   30.63   32.44
071 2 1 059  15.90   15.94   12.20   16.19    6.91    8.11    0.36    0.41
072 3 1 082   8.84   10.39   37.50   36.87   13.87   12.78    0.00    0.00
073 2 1 065  15.52   15.15   22.90   21.61   10.90   12.09    0.00    0.20
074 3 1 074   9.38    9.37   23.40   26.64   15.75   16.82    0.00    0.00
075 2 1 058  10.00   14.69   21.50   20.57    9.42   12.65    0.80    1.41
076 2 1 062  22.00   22.21   12.50   15.76    9.95   14.14    1.65    1.61
077 1 1 068  16.80   16.25   20.70   25.98    3.15    2.67    0.00    0.00
078 1 1 102  13.05   12.87   23.50   28.99    5.27    4.95    1.41    0.20
079 2 1 057  13.43   13.32   29.60   23.84   13.60   13.04    4.45    1.01
080 1 2 068  13.79   16.02   20.50   26.24    0.04    2.70    0.00    0.00
081 1 1 091   8.89   11.30   22.10   27.18    2.46    2.37    0.00    0.00
082 2 2 057  13.44   13.79   18.11   23.66   12.95   12.34    2.80    2.41
083 2 1 064   9.16   16.40   15.00   19.50   11.80   13.53    1.18    0.81
084 2 1 096   7.96    7.08   24.51   33.81   19.93   16.55    4.04    1.13
085 2 1 079  17.05   17.10   17.00   19.21    9.02    9.39    0.00    0.00
086 2 1 055  21.62   19.16   15.90   20.69   12.52   13.16    2.68    2.43
087 2 1 076  20.75   19.67   10.90   14.12    0.03    9.58    4.42    0.82
088 1 1 077  14.46   15.72   28.20   32.55    6.76    6.56    0.00    0.00
089 1 1 085  12.38   11.27   25.77   37.17    8.78    9.70    0.17    0.79
090 1 1 069  19.80   16.33   21.00   25.62    6.11    5.56    0.00    0.00
091 1 1 084  17.68   17.22   25.80   30.87    5.48    5.49    0.00    0.00
092 2 1 078  21.55   14.95   10.10   13.34    5.17   14.16    4.23    2.58
093 2 1 071  16.94   16.55   14.50   17.50    0.09    9.34    0.00    0.80
094 2 1 081  15.09   14.26   19.20   23.13   13.06   13.61    0.00    0.00
095 0 1 072   4.47    4.15   33.80   41.82    9.76    5.87    0.00    0.00
096 3 1 087   8.13    7.17   27.30   31.88   14.04   13.47    0.00    0.00
097 2 1 067  26.08   27.03   11.30   14.98    9.78   13.45    3.73    4.64
098 2 1 056  18.54   17.87   10.70   12.73    6.01    6.32    0.00    0.00
099 2 1 066  18.06   17.42   11.00   14.27   13.03   17.30    0.00    1.22
100 2 1 090  35.49   33.16   11.70   16.44    2.64    5.98    0.00    0.00
101 3 1 080  11.25   12.38   25.00   28.63   16.99   16.30    1.51    2.41
102 1 1 073  15.26   15.69   24.00   27.61    4.07    3.51    0.00    0.00
103 2 1 089  19.72   19.12   10.50   10.74    5.43   27.48    2.83    4.09
104 2 1 083  24.58   22.86   10.39   13.33    2.88    6.74    0.00    0.00
105 2 1 063  14.40   14.36   12.10   15.23    9.17    9.54    1.43    1.42
106 2 1 075  22.83   18.69   10.49   13.12    4.85   24.68    2.26    3.04
107 1 1 070  21.28   20.76   18.20   21.91    3.30    4.54    1.18    1.21
108 3 1 086   8.34    7.82   23.30   27.88   14.18   13.34    0.00    0.00
109 0 1 094  18.09   17.71   35.60   42.53   10.44    9.10    0.00    0.81
110 0 1 101   5.82    3.69   30.10   34.83    4.93    4.71    0.00    0.80
111 2 1 061  13.66   14.68   22.10   25.79   11.23   10.29    1.99    1.21
112 2 1 060  15.03   14.85   17.50   21.39   14.49   13.61    2.59    1.61
113 2 1 093  31.83   36.76   10.10   14.30    3.49    6.20    0.00    0.00
114 2 1 088  28.10   26.55    9.60   12.92    3.08    7.23    1.07    0.81
115 2 1 095   8.78   14.28   10.39   14.26    5.15    5.03    1.47    4.75
116 1 1 092  11.35   10.31   24.70   29.88    7.79    6.01    0.00    0.00
117 0 1 098   8.63    8.27   10.40   11.84    5.46    4.02   72.45   64.47
118 0 1 099   7.87    4.93   35.30   40.87   13.88   11.40    7.46    6.30
119 0 1 100   9.33    8.72    0.70    1.13    0.62    0.54   98.90   81.04
120 0 1 097   8.49    7.61    0.20    0.34    0.25    0.29  100.00   86.10
