001  1	2  2.61   2.97	 2.79	0.94   1.00   0.97   0.51   0.56   0.54 10.01  11.40  10.71   3.61   3.86   3.74   1.94   2.15	 2.05
002  1	1  2.42   2.32	 2.37	0.55   0.52   0.54   0.68   0.69   0.69  9.59	9.20   9.40   2.19   2.05   2.12   2.72   2.74	 2.73
003  3	3  0.67   0.64	 0.66	0.27   0.23   0.25   0.22   0.21   0.22  0.82	0.77   0.80   0.32   0.29   0.31   0.26   0.25	 0.26
003  4	3    -1     -1	   -1	  -1	 -1	-1     -1     -1     -1    -1	  -1	 -1	-1     -1     -1     -1     -1	   -1
004  1	2  0.88   0.89	 0.89	0.24   0.25   0.25   0.34   0.35   0.35  2.95	2.97   2.96   0.81   0.84   0.83   1.14   1.16	 1.15
004  2	2  1.34   1.41	 1.38	0.22   0.18   0.20   0.19   0.21   0.20  3.67	3.87   3.77   0.61   0.48   0.54   0.53   0.58	 0.55
005  1	2  3.35   3.31	 3.33	1.05   1.03   1.04   0.83   0.83   0.83  8.72	8.61   8.66   2.74   2.69   2.72   2.16   2.15	 2.16
006  1	2  1.17   1.02	 1.10	0.40   0.36   0.38   0.36   0.31   0.34 11.50  10.04  10.77   3.92   3.54   3.73   3.51   3.05	 3.28
006  2	2  3.12   3.20	 3.16	0.44   0.40   0.42   0.35   0.37   0.36  3.47	3.56   3.52   0.48   0.45   0.47   0.39   0.41	 0.40
007  3	3  2.22   2.18	 2.20	0.83   0.81   0.82   0.65   0.68   0.67  6.66	6.54   6.60   2.48   2.42   2.45   1.96   2.04	 2.00
007  4	3    -1     -1	   -1	  -1	 -1	-1     -1     -1     -1    -1	  -1	 -1	-1     -1     -1     -1     -1	   -1
008  1	2  1.92   1.73	 1.83	0.78   0.69   0.74   0.55   0.53   0.54  4.31	3.89   4.10   1.76   1.55   1.66   1.24   1.18	 1.21
008  2	2  0.88   0.84	 0.86	0.22   0.20   0.21   0.07   0.06   0.07  0.91	0.87   0.89   0.22   0.20   0.21   0.07   0.06	 0.07
009  3	3  3.60   5.73	 4.67	1.33   2.04   1.69   1.03   1.55   1.29  8.21  13.07  10.64   3.04   4.65   3.85   2.34   3.53	 2.93
009  4	3    -1     -1	   -1	  -1	 -1	-1     -1     -1     -1    -1	  -1	 -1	-1     -1     -1     -1     -1	   -1
010  1	2  2.48   1.63	 2.05	0.85   0.65   0.75   0.57   0.41   0.49  4.88	3.21   4.05   1.67   1.27   1.47   1.11   0.80	 0.96
010  2	2  0.97   0.85	 0.91	0.15   0.12   0.14   0.19   0.19   0.19  1.00	0.88   0.94   0.15   0.12   0.14   0.19   0.19	 0.19
011  1	2  2.95   2.61	 2.78	0.82   0.70   0.76   0.82   0.76   0.79 11.83  10.49  11.16   3.30   2.81   3.06   3.31   3.04	 3.18
012  1	1  3.00   2.80	 2.90	0.83   0.77   0.80   0.66   0.66   0.66 10.63	9.91  10.27   2.93   2.71   2.82   2.35   2.33	 2.34
012  2	1    -1     -1	   -1	  -1	 -1	-1     -1     -1     -1    -1	  -1	 -1	-1     -1     -1     -1     -1	   -1
013  1	2  1.98   1.86	 1.92	0.65   0.62   0.64   0.39   0.39   0.39 10.76  10.13  10.45   3.54   3.38   3.46   2.11   2.14	 2.13
013  2	2  3.87     -1	 3.87	0.69	 -1   0.69   1.04     -1   1.04  3.98	  -1   3.98   0.71     -1   0.71   1.07     -1	 1.07
016  1	1  3.24   3.07	 3.16	1.15   1.07   1.11   0.86   0.81   0.84  7.88	7.48   7.68   2.79   2.60   2.70   2.10   1.96	 2.03
016  2	1  6.16   6.37	 6.27	1.56   1.57   1.57   1.25   1.35   1.30  6.42	6.63   6.53   1.62   1.64   1.63   1.30   1.41	 1.36
017  3	3  1.28   1.03	 1.16	0.46   0.39   0.43   0.40   0.36   0.38  3.87	3.13   3.50   1.40   1.17   1.29   1.21   1.08	 1.15
017  4	3    -1     -1	   -1	  -1	 -1	-1     -1     -1     -1    -1	  -1	 -1	-1     -1     -1     -1     -1	   -1
019  1	2  1.28   1.25	 1.27	0.47   0.48   0.48   0.35   0.35   0.35  3.33	3.25   3.29   1.22   1.26   1.24   0.90   0.90	 0.90
019  2	2  1.37   1.36	 1.37	0.15   0.17   0.16   0.29   0.28   0.29  1.43	1.41   1.42   0.16   0.17   0.17   0.31   0.29	 0.30
020  1	2  4.21   3.82	 4.01	1.73   1.60   1.67   1.08   0.94   1.01 10.51	9.63  10.07   4.32   3.99   4.16   2.68   2.35	 2.52
020  2	2  1.01   1.03	 1.02	0.40   0.45   0.43   0.17   0.23   0.20  1.05	1.07   1.06   0.42   0.47   0.44   0.18   0.23	 0.21
021  1	2  1.83   1.97	 1.90	0.57   0.60   0.59   0.50   0.55   0.53  3.93	4.24   4.09   1.22   1.30   1.26   1.07   1.19	 1.13
022  1	2  3.50   3.58	 3.54	1.11   1.14   1.13   0.78   0.79   0.79  8.47	8.66   8.57   2.69   2.75   2.72   1.89   1.92	 1.90
022  2	2  0.78   0.80	 0.79	0.14   0.13   0.14   0.08   0.09   0.09  0.86	0.88   0.87   0.15   0.14   0.15   0.09   0.10	 0.10
023  1	2  2.84   3.93	 3.39	1.03   1.33   1.18   0.68   0.93   0.81  6.11	8.46   7.29   2.22   2.87   2.55   1.46   2.00	 1.73
023  2	2  0.63   0.66	 0.65	0.14   0.13   0.14   0.07   0.06   0.07  0.67	0.70   0.69   0.15   0.13   0.14   0.08   0.06	 0.07
024  1	2  1.85   1.92	 1.89	0.52   0.56   0.54   0.40   0.40   0.40  8.62	8.99   8.81   2.43   2.61   2.52   1.85   1.88	 1.87
024  2	2  1.00   1.41	 1.21	0.51   0.58   0.54   0.15   0.16   0.16  1.04	1.47   1.25   0.53   0.60   0.56   0.15   0.17	 0.16
025  1	2  1.59   1.53	 1.56	0.63   0.61   0.62   0.41   0.40   0.41  5.31	5.13   5.22   2.10   2.04   2.07   1.37   1.35	 1.36
025  2	2  2.34   2.47	 2.41	0.32   0.40   0.36   0.65   0.64   0.65  2.62	2.77   2.70   0.36   0.45   0.41   0.73   0.72	 0.73
027  1	2  2.68   2.33	 2.51	0.71   0.68   0.70   0.56   0.47   0.52  7.31	6.33   6.82   1.94   1.85   1.90   1.52   1.27	 1.40
027  2	2  2.41   2.25	 2.33	0.41   0.59   0.50   0.70   0.69   0.70  2.58	2.41   2.50   0.44   0.63   0.54   0.76   0.75	 0.76
034  5	0    -1     -1	   -1	  -1	 -1	-1     -1     -1     -1    -1	  -1	 -1	-1     -1     -1     -1     -1	   -1
034  6	0    -1     -1	   -1	  -1	 -1	-1     -1     -1     -1    -1	  -1	 -1	-1     -1     -1     -1     -1	   -1
035  5	0  0.53   0.75	 0.64	0.25   0.31   0.28   0.11   0.15   0.13  2.13	3.00   2.57   0.98   1.23   1.11   0.43   0.61	 0.52
035  6	0    -1     -1	   -1	  -1	 -1	-1     -1     -1     -1    -1	  -1	 -1	-1     -1     -1     -1     -1	   -1
036  1	2  0.43   0.35	 0.39	0.24   0.19   0.22   0.13   0.11   0.12  3.02	2.50   2.76   1.67   1.37   1.52   0.91   0.78	 0.85
036  2	2  3.32   3.50	 3.41	0.36   0.41   0.39   0.72   0.77   0.75  3.46	3.65   3.56   0.38   0.43   0.41   0.75   0.80	 0.78
037  1	2  3.70   3.97	 3.84	1.28   1.39   1.34   0.89   0.93   0.91  8.88	9.54   9.21   3.07   3.34   3.21   2.13   2.24	 2.19
037  2	2  8.59   8.02	 8.31	3.04   3.23   3.14   2.77   2.14   2.46  9.18	8.57   8.88   3.25   3.45   3.35   2.96   2.28	 2.62
038  3	3  1.70   1.25	 1.48	0.66   0.49   0.57   0.47   0.36   0.42  3.61	2.66   3.14   1.40   1.03   1.21   1.00   0.78	 0.89
038  4	3    -1     -1	   -1	  -1	 -1	-1     -1     -1     -1    -1	  -1	 -1	-1     -1     -1     -1     -1	   -1
040  1	1  3.93   3.60	 3.77	1.20   1.12   1.16   1.03   1.00   1.02  6.63	6.07   6.35   2.03   1.98   2.01   1.74   1.69	 1.72
040  2	1    -1     -1	   -1	  -1	 -1	-1     -1     -1     -1    -1	  -1	 -1	-1     -1     -1     -1     -1	   -1
041  1	1  1.78   2.58	 2.18	0.47   0.74   0.61   0.46   0.57   0.52  7.25  10.52   8.89   1.92   3.01   2.47   1.86   2.31	 2.09
042  5	0    -1     -1	   -1	  -1	 -1	-1     -1     -1     -1    -1	  -1	 -1	-1     -1     -1     -1     -1	   -1
043  5	0    -1     -1	   -1	  -1	 -1	-1     -1     -1     -1    -1	  -1	 -1	-1     -1     -1     -1     -1	   -1
044  5	0    -1     -1	   -1	  -1	 -1	-1     -1     -1     -1    -1	  -1	 -1	-1     -1     -1     -1     -1	   -1
045  1	2  2.84   2.74	 2.79	0.86   0.80   0.83   0.75   0.78   0.77  9.22	8.91   9.07   2.79   2.62   2.71   2.44   2.53	 2.49
045  2	2    -1     -1	   -1	  -1	 -1	-1     -1     -1     -1    -1	  -1	 -1	-1     -1     -1     -1     -1	   -1
051  1	2  3.21   3.39	 3.30	1.14   1.22   1.18   0.94   1.01   0.98  9.67  10.21   9.94   3.44   3.68   3.56   2.84   3.04	 2.94
051  2	2  7.14   7.06	 7.10	2.85   2.92   2.89   2.07   2.01   2.04  7.40	7.32   7.36   2.95   3.03   2.99   2.15   2.08	 2.12
053  5	0    -1     -1	   -1	  -1	 -1	-1     -1     -1     -1    -1	  -1	 -1	-1     -1     -1     -1     -1	   -1
054  1	2  1.78   1.77	 1.78	0.65   0.64   0.65   0.65   0.63   0.64  4.93	4.90   4.92   1.79   1.77   1.78   1.79   1.76	 1.78
054  2	2  3.66   3.18	 3.42	0.39   0.36   0.38   0.90   0.83   0.87  3.85	3.35   3.60   0.42   0.38   0.40   0.95   0.87	 0.91
055  1	2  2.41   2.41	 2.41	0.65   0.64   0.65   0.67   0.67   0.67  6.24	6.24   6.24   1.68   1.66   1.67   1.73   1.73	 1.73
055  2	2  1.02   1.04	 1.03	0.21   0.27   0.24   0.23   0.26   0.25  1.04	1.06   1.05   0.21   0.28   0.25   0.23   0.26	 0.25
056  5	0    -1     -1	   -1	  -1	 -1	-1     -1     -1     -1    -1	  -1	 -1	-1     -1     -1     -1     -1	   -1
056  6	0    -1     -1	   -1	  -1	 -1	-1     -1     -1     -1    -1	  -1	 -1	-1     -1     -1     -1     -1	   -1
058  1	1  1.96   2.02	 1.99	0.49   0.51   0.50   0.44   0.47   0.45 10.05  10.34  10.20   2.51   2.62   2.57   2.27   2.39	 2.33
058  2	1  2.38   2.33	 2.36	0.41   0.31   0.36   0.24   0.26   0.25  2.51	2.46   2.49   0.43   0.33   0.38   0.26   0.27	 0.27
059  1	2  2.94   3.07	 3.01	0.83   0.92   0.88   0.92   0.99   0.96  5.65	5.91   5.78   1.60   1.76   1.68   1.76   1.90	 1.83
059  2	2  2.25   2.02	 2.13	0.45   0.38   0.42   0.25   0.22   0.24  2.34	2.11   2.22   0.47   0.39   0.43   0.26   0.23	 0.25
060  1	2  4.44   4.07	 4.26	1.43   1.30   1.37   1.24   1.13   1.19  9.92	9.08   9.50   3.19   2.90   3.05   2.78   2.53	 2.66
060  2	2  4.18     -1	 4.18	0.78	 -1   0.78   1.06     -1   1.06  4.31	  -1   4.31   0.80     -1   0.80   1.09     -1	 1.09
061  7	0    -1     -1	   -1	  -1	 -1	-1     -1     -1     -1    -1	  -1	 -1	-1     -1     -1     -1     -1	   -1
063  7	0    -1     -1	   -1	  -1	 -1	-1     -1     -1     -1    -1	  -1	 -1	-1     -1     -1     -1     -1	   -1
064  5	0    -1     -1	   -1	  -1	 -1	-1     -1     -1     -1    -1	  -1	 -1	-1     -1     -1     -1     -1	   -1
065  5	0    -1     -1	   -1	  -1	 -1	-1     -1     -1     -1    -1	  -1	 -1	-1     -1     -1     -1     -1	   -1
065  6	0    -1     -1	   -1	  -1	 -1	-1     -1     -1     -1    -1	  -1	 -1	-1     -1     -1     -1     -1	   -1
066  7	0    -1     -1	   -1	  -1	 -1	-1     -1     -1     -1    -1	  -1	 -1	-1     -1     -1     -1     -1	   -1
067  7	0    -1     -1	   -1	  -1	 -1	-1     -1     -1     -1    -1	  -1	 -1	-1     -1     -1     -1     -1	   -1
068  7	0    -1     -1	   -1	  -1	 -1	-1     -1     -1     -1    -1	  -1	 -1	-1     -1     -1     -1     -1	   -1
069  7	0    -1     -1	   -1	  -1	 -1	-1     -1     -1     -1    -1	  -1	 -1	-1     -1     -1     -1     -1	   -1
070  7	0    -1     -1	   -1	  -1	 -1	-1     -1     -1     -1    -1	  -1	 -1	-1     -1     -1     -1     -1	   -1
071  1	2  4.20   3.71	 3.96	1.36   1.15   1.25   1.44   1.34   1.39 10.08	8.90   9.49   3.26   2.76   3.01   3.46   3.23	 3.35
071  2	2  2.86     -1	 2.86	1.19	 -1   1.19   0.83     -1   0.83  3.12	  -1   3.12   1.29     -1   1.29   0.90     -1	 0.90
072  3	3  3.65   5.80	 4.72	1.24   1.72   1.48   1.14   1.60   1.37  9.47  15.04  12.26   3.20   4.46   3.83   2.95   4.14	 3.55
072  4	3    -1     -1	   -1	  -1	 -1	-1     -1     -1     -1    -1	  -1	 -1	-1     -1     -1     -1     -1	   -1
073  1	2  3.70   3.69	 3.70	1.28   1.13   1.21   0.90   0.95   0.93  5.59	5.57   5.58   1.93   1.70   1.82   1.36   1.44	 1.40
073  2	2  1.43   1.42	 1.42	0.51   0.49   0.50   0.29   0.27   0.28  1.46	1.45   1.46   0.52   0.50   0.51   0.30   0.27	 0.29
074  3	3  1.16   1.25	 1.21	0.45   0.44   0.45   0.33   0.33   0.33  3.01	3.24   3.13   1.17   1.15   1.16   0.86   0.86	 0.86
074  4	3    -1     -1	   -1	  -1	 -1	-1     -1     -1     -1    -1	  -1	 -1	-1     -1     -1     -1     -1	   -1
075  1	2  2.42   1.80	 2.11	0.61   0.44   0.53   0.87   0.72   0.80  3.98	2.97   3.48   1.00   0.73   0.87   1.43   1.19	 1.31
075  2	2    -1     -1	   -1	  -1	 -1	-1     -1     -1     -1    -1	  -1	 -1	-1     -1     -1     -1     -1	   -1
076  1	2  3.82   3.60	 3.71	1.08   1.04   1.06   1.10   1.08   1.09  7.40	6.99   7.20   2.10   2.01   2.05   2.14   2.09	 2.12
076  2	2    -1     -1	   -1	  -1	 -1	-1     -1     -1     -1    -1	  -1	 -1	-1     -1     -1     -1     -1	   -1
077  1	1  4.82   4.93	 4.88	1.25   1.28   1.27   1.47   1.73   1.60  9.46	9.69   9.57   2.46   2.51   2.49   2.88   3.39	 3.14
077  2	1  2.58   3.04	 2.81	0.71   0.91   0.81   0.50   0.57   0.53  2.76	3.25   3.01   0.76   0.97   0.87   0.53   0.61	 0.57
078  1	1    -1     -1	   -1	  -1	 -1	-1     -1     -1     -1    -1	  -1	 -1	-1     -1     -1     -1     -1	   -1
078  2	1    -1     -1	   -1	  -1	 -1	-1     -1     -1     -1    -1	  -1	 -1	-1     -1     -1     -1     -1	   -1
079  1	2  3.35   2.58	 2.97	0.97   0.83   0.90   0.93   0.70   0.82  6.26	4.83   5.55   1.82   1.54   1.68   1.75   1.32	 1.54
079  2	2  2.62   2.17	 2.40	0.38   0.35   0.37   0.34   0.34   0.34  2.74	2.27   2.51   0.40   0.37   0.39   0.36   0.35	 0.36
081  1	1  1.39   1.42	 1.40	0.59   0.36   0.48   0.41   0.40   0.41  3.53	3.60   3.57   1.49   0.91   1.20   1.04   1.01	 1.02
081  2	1  2.81   3.16	 2.99	0.25   0.32   0.29   0.60   0.64   0.62  3.03	3.42   3.22   0.27   0.34   0.31   0.65   0.69	 0.67
083  1	2  4.01   3.73	 3.87	1.56   1.41   1.49   1.39   1.27   1.33  9.56	8.88   9.22   3.72   3.35   3.54   3.30   3.02	 3.16
083  2	2  4.21   4.01	 4.11	1.40   1.39   1.40   1.13   1.02   1.08  4.61	4.39   4.50   1.53   1.52   1.53   1.23   1.11	 1.17
084  1	2    -1     -1	   -1	  -1	 -1	-1     -1     -1     -1    -1	  -1	 -1	-1     -1     -1     -1     -1	   -1
084  2	2    -1     -1	   -1	  -1	 -1	-1     -1     -1     -1    -1	  -1	 -1	-1     -1     -1     -1     -1	   -1
085  1	2  4.97   5.83	 5.40	1.68   1.98   1.83   1.20   1.44   1.32  9.74  11.41  10.58   3.29   3.88   3.59   2.35   2.82	 2.59
085  2	2  2.36   2.67	 2.51	0.72   0.49   0.61   0.48   0.39   0.44  2.43	2.74   2.59   0.74   0.50   0.62   0.49   0.40	 0.45
086  1	2  1.92   1.63	 1.78	0.53   0.48   0.51   0.66   0.56   0.61  5.53	4.69   5.11   1.52   1.37   1.45   1.90   1.61	 1.76
086  2	2    -1     -1	   -1	  -1	 -1	-1     -1     -1     -1    -1	  -1	 -1	-1     -1     -1     -1     -1	   -1
087  1	2  2.84   2.29	 2.57	0.95   0.78   0.87   1.05   0.77   0.91  7.20	5.81   6.51   2.40   1.99   2.19   2.66   1.96	 2.31
087  2	2  1.01   1.11	 1.06	0.42   0.63   0.53   0.36   0.30   0.33  1.04	1.15   1.10   0.43   0.65   0.54   0.38   0.31	 0.35
088  1	1  4.57   3.91	 4.24	1.52   1.27   1.40   1.03   0.89   0.96  8.51	7.28   7.90   2.84   2.37   2.61   1.91   1.65	 1.78
088  2	1  2.25   2.51	 2.38	0.54   0.62   0.58   0.47   0.54   0.51  2.36	2.63   2.50   0.57   0.65   0.61   0.49   0.57	 0.53
089  1	1  3.29   3.25	 3.27	1.05   1.07   1.06   1.01   0.97   0.99  5.92	5.85   5.89   1.88   1.92   1.90   1.81   1.74	 1.78
089  2	1    -1     -1	   -1	  -1	 -1	-1     -1     -1     -1    -1	  -1	 -1	-1     -1     -1     -1     -1	   -1
090  1	1  4.31   4.37	 4.34	1.18   1.20   1.19   1.57   1.59   1.58 10.04  10.16  10.10   2.75   2.78   2.76   3.66   3.71	 3.69
090  2	1  1.77   1.93	 1.85	0.57   0.63   0.60   0.41   0.45   0.43  1.85	2.02   1.94   0.60   0.66   0.63   0.43   0.47	 0.45
091  1	1  4.23   3.96	 4.10	1.23   1.16   1.19   1.26   1.18   1.22  7.39	6.92   7.15   2.14   2.02   2.08   2.20   2.06	 2.13
091  2	1    -1     -1	   -1	  -1	 -1	-1     -1     -1     -1    -1	  -1	 -1	-1     -1     -1     -1     -1	   -1
092  1	2  2.53   2.05	 2.29	0.81   0.74   0.78   0.85   0.71   0.78  4.84	3.93   4.39   1.56   1.42   1.49   1.63   1.36	 1.50
092  2	2  2.23   2.90	 2.57	0.26   0.32   0.29   0.53   0.62   0.57  2.44	3.18   2.81   0.28   0.35   0.32   0.58   0.68	 0.63
093  1	2  5.24     -1	 5.24	1.87	 -1   1.87   1.28     -1   1.28  9.44	  -1   9.44   3.37     -1   3.37   2.30     -1	 2.30
093  2	2    -1     -1	   -1	  -1	 -1	-1     -1     -1     -1    -1	  -1	 -1	-1     -1     -1     -1     -1	   -1
094  1	2  2.82     -1	 2.82	0.92	 -1   0.92   0.91     -1   0.91  6.01	  -1   6.01   1.97     -1   1.97   1.93     -1	 1.93
094  2	2    -1     -1	   -1	  -1	 -1	-1     -1     -1     -1    -1	  -1	 -1	-1     -1     -1     -1     -1	   -1
095  5	0    -1     -1	   -1	  -1	 -1	-1     -1     -1     -1    -1	  -1	 -1	-1     -1     -1     -1     -1	   -1
095  6	0    -1     -1	   -1	  -1	 -1	-1     -1     -1     -1    -1	  -1	 -1	-1     -1     -1     -1     -1	   -1
096  3	3  2.16   2.42	 2.29	0.82   0.95   0.89   0.67   0.77   0.72  5.54	6.20   5.87   2.11   2.43   2.27   1.72   1.99	 1.86
096  4	3    -1     -1	   -1	  -1	 -1	-1     -1     -1     -1    -1	  -1	 -1	-1     -1     -1     -1     -1	   -1
097  1	2  3.47   3.51	 3.49	0.99   0.99   0.99   0.91   0.95   0.93  7.34	7.43   7.39   2.10   2.10   2.10   1.93   2.01	 1.97
097  2	2  2.51   2.24	 2.38	0.68   0.58   0.63   0.54   0.54   0.54  2.64	2.35   2.50   0.72   0.61   0.67   0.57   0.57	 0.57
098  1	2  3.26   3.17	 3.22	0.99   0.94   0.97   0.83   0.83   0.83  6.27	6.11   6.19   1.91   1.81   1.86   1.60   1.59	 1.60
098  2	2  1.84   1.86	 1.85	0.21   0.22   0.22   0.37   0.33   0.35  1.91	1.92   1.92   0.22   0.23   0.23   0.38   0.34	 0.36
099  1	2  6.46   8.19	 7.32	1.98   2.47   2.23   2.10   2.71   2.41  7.21	9.13   8.17   2.21   2.75   2.48   2.34   3.02	 2.68
099  2	2    -1     -1	   -1	  -1	 -1	-1     -1     -1     -1    -1	  -1	 -1	-1     -1     -1     -1     -1	   -1
100  1	2  2.13   1.62	 1.88	0.76   0.60   0.68   0.53   0.36   0.45 10.97	8.34   9.66   3.91   3.09   3.50   2.71   1.84	 2.28
100  2	2  4.42   4.38	 4.40	0.52   0.49   0.51   0.67   0.66   0.67  4.56	4.52   4.54   0.54   0.51   0.53   0.69   0.68	 0.69
101  3	3  2.19   1.87	 2.03	0.61   0.54   0.57   0.54   0.50   0.52  5.83	5.23   5.53   1.62   1.43   1.53   1.43   1.33	 1.38
101  4	3    -1     -1	   -1	  -1	 -1	-1     -1     -1     -1    -1	  -1	 -1	-1     -1     -1     -1     -1	   -1
102  1	1  1.54   1.78	 1.66	0.54   0.58   0.56   0.37   0.47   0.42  6.53	7.55   7.04   2.29   2.45   2.37   1.55   1.98	 1.77
102  2	1  2.57   2.27	 2.42	0.28   0.27   0.28   0.61   0.61   0.61  2.66	2.36   2.51   0.29   0.28   0.29   0.63   0.63	 0.63
103  1	2  1.75   1.71	 1.73	0.69   0.70   0.70   0.55   0.50   0.53  5.23	5.12   5.18   2.07   2.08   2.08   1.64   1.51	 1.58
103  2	2  1.78   1.94	 1.86	0.21   0.20   0.21   0.20   0.19   0.20  1.88	2.05   1.97   0.23   0.22   0.23   0.22   0.20	 0.21
104  1	2  2.79   2.66	 2.73	0.64   0.62   0.63   1.03   0.95   0.99  6.09	5.81   5.95   1.40   1.35   1.38   2.25   2.08	 2.17
104  2	2  1.02   1.30	 1.16	0.45   0.18   0.32   0.35   0.43   0.39  1.06	1.34   1.20   0.46   0.18   0.32   0.36   0.45	 0.41
105  1	2  2.16   2.06	 2.11	0.68   0.64   0.66   0.76   0.69   0.73  4.53	4.38   4.46   1.43   1.36   1.40   1.59   1.47	 1.53
105  2	2    -1     -1	   -1	  -1	 -1	-1     -1     -1     -1    -1	  -1	 -1	-1     -1     -1     -1     -1	   -1
106  1	2  2.19   2.26	 2.22	0.82   0.81   0.82   0.83   0.91   0.87  6.35	6.54   6.45   2.39   2.35   2.37   2.41   2.64	 2.53
106  2	2  2.24   1.97	 2.11	0.36   0.32   0.34   0.16   0.16   0.16  2.43	2.14   2.29   0.39   0.34   0.37   0.18   0.17	 0.18
107  1	1  1.85   1.95	 1.90	0.52   0.54   0.53   0.56   0.58   0.57  6.67	7.02   6.85   1.88   1.96   1.92   2.02   2.11	 2.07
107  2	1    -1     -1	   -1	  -1	 -1	-1     -1     -1     -1    -1	  -1	 -1	-1     -1     -1     -1     -1	   -1
108  3	3  3.17   2.59	 2.88	1.14   0.92   1.03   0.86   0.68   0.77  7.05	5.74   6.40   2.53   2.05   2.29   1.90   1.52	 1.71
108  4	3    -1     -1	   -1	  -1	 -1	-1     -1     -1     -1    -1	  -1	 -1	-1     -1     -1     -1     -1	   -1
109  5	0    -1     -1	   -1	  -1	 -1	-1     -1     -1     -1    -1	  -1	 -1	-1     -1     -1     -1     -1	   -1
109  6	0    -1     -1	   -1	  -1	 -1	-1     -1     -1     -1    -1	  -1	 -1	-1     -1     -1     -1     -1	   -1
110  5	0    -1     -1	   -1	  -1	 -1	-1     -1     -1     -1    -1	  -1	 -1	-1     -1      1     -1     -1	   -1
110  6	0    -1     -1	   -1	  -1	 -1	-1     -1     -1     -1    -1	  -1	 -1	-1     -1     -1     -1     -1	   -1
111  1	2  3.92   3.44	 3.68	0.98   0.85   0.92   1.22   1.14   1.18  6.59	5.79   6.19   1.65   1.44   1.55   2.06   1.91	 1.99
111  2	2  2.70   2.27	 2.49	0.47   0.66   0.56   0.37   0.39   0.38  2.93	2.46   2.70   0.51   0.72   0.62   0.41   0.43	 0.42
112  1	2  2.48   2.31	 2.40	0.80   0.71   0.76   0.77   0.71   0.74  4.75	4.42   4.59   1.54   1.37   1.46   1.48   1.36	 1.42
112  2	2  1.87   1.51	 1.69	0.42   0.35   0.39   0.49   0.39   0.44  1.95	1.58   1.77   0.44   0.37   0.41   0.51   0.41	 0.46
113  1	2  2.32   2.17	 2.25	0.71   0.66   0.69   0.57   0.56   0.56 10.35	9.70  10.02   3.17   2.95   3.06   2.55   2.49	 2.52
113  2	2    -1     -1	   -1	  -1	 -1	-1     -1     -1     -1    -1	  -1	 -1	-1     -1     -1     -1     -1	   -1
114  1	2  3.56   3.15	 3.36	1.27   1.10   1.19   0.81   0.73   0.77 15.71  13.92  14.82   5.62   4.86   5.24   3.58   3.23	 3.41
114  2	2  2.39   3.41	 2.90	0.41   0.58   0.50   0.30   0.49   0.40  2.45	3.50   2.98   0.42   0.59   0.51   0.30   0.50	 0.40
115  1	2  0.09   0.09	 0.09	0.04   0.05   0.05   0.54   0.52   0.53  0.27	0.26   0.27   0.13   0.14   0.14   1.57   1.53	 1.55
115  2	2  0.61   0.49	 0.55	0.14   0.08   0.11   0.22   0.19   0.21  0.64	0.52   0.58   0.15   0.08   0.12   0.23   0.20	 0.22
116  1	1  5.16   3.70	 4.43	1.73   1.35   1.54   1.53   1.23   1.38 11.08	7.95   9.52   3.71   2.90   3.31   3.28   2.63	 2.96
116  2	1    -1     -1	   -1	  -1	 -1	-1     -1     -1     -1    -1	  -1	 -1	-1     -1     -1     -1     -1	   -1
117  7	0    -1     -1	   -1	  -1	 -1	-1     -1     -1     -1    -1	  -1	 -1	-1     -1     -1     -1     -1	   -1
118  7	0    -1     -1	   -1	  -1	 -1	-1     -1     -1     -1    -1	  -1	 -1	-1     -1     -1     -1     -1	   -1
119  7	0    -1     -1	   -1	  -1	 -1	-1     -1     -1     -1    -1	  -1	 -1	-1     -1     -1     -1     -1	   -1
120  7	0    -1     -1	   -1	  -1	 -1	-1     -1     -1     -1    -1	  -1	 -1	-1     -1     -1     -1     -1	   -1
