0001 1 0 1 001 170.0   .0653   .0281  4.10
0002 2 0 1 001 170.0   .0653   .0281  4.10
0003 1 0 1 001 152.0   .0657   .0302  4.10
0004 2 0 1 001 152.0   .0657   .0302  4.10
0005 1 0 1 001 122.0   .0544   .0224  4.10
0006 2 0 1 001 122.0   .0544   .0224  4.10
0007 1 0 1 001 130.0   .0557   .0218  4.10
0008 2 0 1 001 130.0   .0557   .0218  4.10
0009 1 0 1 001 116.0   .0519   .0213  4.10
0010 2 0 1 001 116.0   .0519   .0213  4.10
0013 1 0 2 001 138.0   .6546   .2795 41.00
0014 1 0 1 002 100.0   .0458   .0172  4.10
0015 2 0 1 002 100.0   .0458   .0172  4.10
0016 1 0 1 002	80.0   .0376   .0133  4.10
0017 2 0 1 002	80.0   .0376   .0133  4.10
0018 1 0 1 002	92.0   .0380   .0141  4.10
0019 2 0 1 002	92.0   .0380   .0141  4.10
0020 1 0 1 002	90.0   .0365   .0112  4.10
0021 2 0 1 002	90.0   .0365   .0112  4.10
0022 1 0 1 002	92.0   .0438   .0143  4.10
0023 2 0 1 002	92.0   .0438   .0143  4.10
0024 1 0 2 002	90.0   .4373   .1503 41.00
0036 1 0 1 003 172.0   .0517   .0213  4.10
0037 2 0 1 003 172.0   .0517   .0213  4.10
0038 1 0 1 003 132.0   .0436   .0188  4.10
0039 2 0 1 003 132.0   .0436   .0188  4.10
0040 1 0 1 003 146.0   .0496   .0212  4.10
0041 2 0 1 003 146.0   .0496   .0212  4.10
0042 1 0 1 003 142.0   .0462   .0191  4.10
0043 2 0 1 003 142.0   .0462   .0191  4.10
0044 1 0 1 003 126.0   .0442   .0183  4.10
0045 2 0 1 003 126.0   .0442   .0183  4.10
0047 1 0 2 003 143.0   .4793   .2007 41.00
0048 1 0 1 004 134.0   .0421   .0178  4.10
0049 2 0 1 004 134.0   .0421   .0178  4.10
0050 1 0 1 004	98.0   .0299   .0115  4.10
0051 2 0 1 004	98.0   .0299   .0115  4.10
0052 1 0 1 004 114.0   .0381   .0169  4.10
0053 2 0 1 004 114.0   .0381   .0169  4.10
0054 1 0 1 004 100.0   .0304   .0119  4.10
0055 2 0 1 004 100.0   .0304   .0119  4.10
0056 1 0 1 004 112.0   .0364   .0156  4.10
0057 2 0 1 004 112.0   .0364   .0156  4.10
0059 1 0 2 004 111.0   .3490   .1377 41.00
0062 1 0 1 005 318.0   .1174   .0418  4.10
0063 2 0 1 005 318.0   .1174   .0418  4.10
0064 1 0 1 005 382.0   .1357   .0484  4.10
0065 2 0 1 005 382.0   .1357   .0484  4.10
0066 1 0 1 005 294.0   .1003   .0338  4.10
0067 2 0 1 005 294.0   .1003   .0338  4.10
0068 1 0 1 005 358.0   .1260   .0437  4.10
0069 2 0 1 005 358.0   .1260   .0437  4.10
0070 1 0 1 005 316.0   .1121   .0385  4.10
0071 2 0 1 005 316.0   .1121   .0385  4.10
0072 1 0 2 005 333.0  1.0785   .3542 41.00
0073 1 0 1 006 372.0   .1320   .0490  4.10
0074 2 0 1 006 372.0   .1320   .0490  4.10
0075 1 0 1 006 388.0   .1496   .0645  4.10
0076 2 0 1 006 388.0   .1496   .0645  4.10
0077 1 0 1 006 364.0   .1347   .0552  4.10
0078 2 0 1 006 364.0   .1347   .0552  4.10
0079 1 0 1 006 328.0   .1222   .0497  4.10
0080 2 0 1 006 328.0   .1222   .0497  4.10
0081 1 0 1 006 402.0   .1498   .0623  4.10
0082 2 0 1 006 402.0   .1498   .0623  4.10
0084 1 0 2 006 370.0  1.4086   .5693 41.00
0086 1 0 1 007 202.0   .0871   .0456  4.10
0087 2 0 1 007 202.0   .0871   .0456  4.10
0088 1 0 1 007 166.0   .0758   .0375  4.10
0089 2 0 1 007 166.0   .0758   .0375  4.10
0090 1 0 1 007 262.0   .1102   .0525  4.10
0091 2 0 1 007 262.0   .1102   .0525  4.10
0092 1 0 1 007 276.0   .1108   .0515  4.10
0093 2 0 1 007 276.0   .1108   .0515  4.10
0094 1 0 1 007 210.0   .0823   .0360  4.10
0095 2 0 1 007 210.0   .0823   .0360  4.10
0096 1 0 2 007 223.0  1.0357   .5133 41.00
0099 1 0 3 008	-1.0  7.5390  2.8931 -1.00
0100 1 0 3 008	-1.0  7.5390  2.8931 -1.00
0101 1 0 3 008	-1.0  7.5390  2.8931 -1.00
0102 1 0 3 008	-1.0  7.5390  2.8931 -1.00
0103 1 0 3 008	-1.0  7.5390  2.8931 -1.00
0111 1 0 3 009	-1.0  6.4204  2.9114 -1.00
0112 1 0 3 009	-1.0  6.4204  2.9114 -1.00
0113 1 0 3 009	-1.0  6.4204  2.9114 -1.00
0114 1 0 3 009	-1.0  6.4204  2.9114 -1.00
0115 1 0 3 009	-1.0  6.4204  2.9114 -1.00
0117 1 0 3 010	-1.0  5.3278  2.3307 -1.00
0118 1 0 3 010	-1.0  5.3278  2.3307 -1.00
0119 1 0 3 010	-1.0  5.3278  2.3307 -1.00
0120 1 0 3 010	-1.0  5.3278  2.3307 -1.00
0121 1 0 3 010	-1.0  5.3278  2.3307 -1.00
0127 1 0 3 011	-1.0  6.6194  2.2371 -1.00
0128 1 0 3 011	-1.0  6.6194  2.2371 -1.00
0129 1 0 3 011	-1.0  6.6194  2.2371 -1.00
0130 1 0 3 011	-1.0  6.6194  2.2371 -1.00
0131 1 0 3 011	-1.0  6.6194  2.2371 -1.00
0134 1 0 3 012	-1.0  2.7030  0.9338 -1.00
0135 1 0 3 012	-1.0  2.7030  0.9338 -1.00
0136 1 0 3 012	-1.0  2.7030  0.9338 -1.00
0137 1 0 3 012	-1.0  2.7030  0.9338 -1.00
0138 1 0 3 012	-1.0  2.7030  0.9338 -1.00
0141 1 0 1 013 204.0   .0668   .0146  4.10
0142 2 0 1 013 204.0   .0668   .0146  4.10
0143 1 0 1 013 172.0   .0656   .0147  4.10
0144 2 0 1 013 172.0   .0656   .0147  4.10
0145 1 0 1 013 210.0   .0716   .0140  4.10
0146 2 0 1 013 210.0   .0716   .0140  4.10
0147 1 0 1 013 186.0   .0688   .0170  4.10
0148 2 0 1 013 186.0   .0688   .0170  4.10
0149 1 0 1 013 210.0   .0710   .0151  4.10
0150 2 0 1 013 210.0   .0710   .0151  4.10
0151 1 0 2 013 196.0   .6910   .1468 41.00
0152 1 0 1 014 132.0   .0835   .0192  5.39
0153 2 0 1 014 132.0   .0835   .0192  5.39
0154 1 0 1 014 140.0   .1073   .0225  6.98
0155 2 0 1 014 140.0   .1073   .0225  6.98
0156 1 0 1 014 130.0   .0912   .0173  6.50
0157 2 0 1 014 130.0   .0912   .0173  6.50
0158 1 0 1 014 106.0   .0669   .0153  5.25
0159 2 0 1 014 106.0   .0669   .0153  5.25
0160 1 0 1 014 124.0   .1002   .0215  7.03
0161 2 0 1 014 124.0   .1002   .0215  7.03
0162 1 0 2 014 126.0   .7681   .1650 52.23
0163 1 0 1 015 148.0   .0669   .0165  4.10
0164 2 0 1 015 148.0   .0669   .0165  4.10
0165 1 0 1 015 130.0   .0616   .0162  4.10
0166 2 0 1 015 130.0   .0616   .0162  4.10
0167 1 0 1 015 132.0   .0657   .0149  4.10
0168 2 0 1 015 132.0   .0657   .0149  4.10
0169 1 0 1 015 156.0   .0709   .0158  4.10
0170 2 0 1 015 156.0   .0709   .0158  4.10
0171 1 0 1 015 160.0   .0706   .0157  4.10
0172 2 0 1 015 160.0   .0706   .0157  4.10
0173 1 0 2 015 145.0   .7990   .1842 41.00
0174 1 0 4 016	-1.0  6.7721  1.0433 -1.00
0175 1 0 4 016	-1.0  6.7721  1.0433 -1.00
0176 1 0 4 016	-1.0  6.7721  1.0433 -1.00
0177 1 0 4 016	-1.0  6.7721  1.0433 -1.00
0178 1 0 4 016	-1.0  6.7721  1.0433 -1.00
0183 1 1 1 003 124.0   .0175   .0165  4.10
0184 2 1 1 003 124.0   .0175   .0165  4.10
0185 1 1 1 003 128.0   .0193   .0185  4.10
0186 2 1 1 003 128.0   .0193   .0185  4.10
0187 1 1 1 003 132.0   .0240   .0222  4.10
0188 2 1 1 003 132.0   .0240   .0222  4.10
0189 1 1 1 003 116.0   .0182   .0171  4.10
0190 2 1 1 003 116.0   .0182   .0171  4.10
0191 1 1 1 003 166.0   .0230   .0220  4.10
0192 2 1 1 003 166.0   .0230   .0220  4.10
0193 1 1 2 003 133.0   .2040   .1926 41.00
0195 1 1 1 005 226.0 -1.0000 -1.0000 -1.00
0196 2 1 1 005 226.0 -1.0000 -1.0000 -1.00
0197 1 1 1 005 218.0 -1.0000 -1.0000 -1.00
0198 2 1 1 005 218.0 -1.0000 -1.0000 -1.00
0199 1 1 1 005 234.0 -1.0000 -1.0000 -1.00
0200 2 1 1 005 234.0 -1.0000 -1.0000 -1.00
0201 1 1 1 005 208.0 -1.0000 -1.0000 -1.00
0202 2 1 1 005 208.0 -1.0000 -1.0000 -1.00
0203 1 1 1 005 228.0 -1.0000 -1.0000 -1.00
0204 2 1 1 005 228.0 -1.0000 -1.0000 -1.00
0205 1 1 2 005 222.0 -1.0000 -1.0000 -1.00
0208 1 0 1 017 284.0   .0861   .0166  4.10
0209 2 0 1 017 284.0   .0861   .0166  4.10
0210 1 0 1 017 324.0   .0882   .0132  4.10
0211 2 0 1 017 324.0   .0882   .0132  4.10
0212 1 0 1 017 316.0   .0904   .0136  4.10
0213 2 0 1 017 316.0   .0904   .0136  4.10
0214 1 0 1 017 412.0   .1084   .0154  4.10
0215 2 0 1 017 412.0   .1084   .0154  4.10
0216 1 0 1 017 312.0   .0920   .0153  4.10
0217 2 0 1 017 312.0   .0920   .0153  4.10
0218 1 0 2 017 329.0   .9207   .1405 41.00
0219 1 0 1 018 166.0   .0494   .0119  4.10
0220 2 0 1 018 166.0   .0494   .0119  4.10
0221 1 0 1 018 126.0   .0494   .0105  4.10
0222 2 0 1 018 126.0   .0494   .0105  4.10
0223 1 0 1 018 112.0   .0450   .0110  4.10
0224 2 0 1 018 112.0   .0450   .0110  4.10
0225 1 0 1 018 106.0   .0471   .0102  4.10
0226 2 0 1 018 106.0   .0471   .0102  4.10
0227 1 0 1 018 110.0   .0443   .0125  4.10
0228 2 0 1 018 110.0   .0443   .0125  4.10
0229 1 0 2 018 124.0   .4791   .1048 41.00
0230 1 0 1 019 178.0   .0675   .0226  4.10
0231 2 0 1 019 178.0   .0675   .0226  4.10
0232 1 0 1 019 164.0   .0601   .0258  4.10
0233 2 0 1 019 164.0   .0601   .0258  4.10
0234 1 0 1 019 178.0   .0717   .0260  4.10
0235 2 0 1 019 178.0   .0717   .0260  4.10
0236 1 0 1 019 146.0   .0584   .0173  4.10
0237 2 0 1 019 146.0   .0584   .0173  4.10
0238 1 0 1 019 140.0   .0532   .0188  4.10
0239 2 0 1 019 140.0   .0532   .0188  4.10
0240 1 0 2 019 161.0   .6505   .2379 41.00
0243 1 0 1 020 164.0   .0885   .0292  5.00
0244 2 0 1 020 164.0   .0885   .0292  5.00
0245 1 0 1 020 170.0   .1166   .0303  9.10
0246 2 0 1 020 170.0   .1166   .0303  9.10
0247 1 0 1 020 208.0   .0962   .0266  6.64
0248 2 0 1 020 208.0   .0962   .0266  6.64
0249 1 0 1 020 214.0   .1068   .0288  7.70
0250 2 0 1 020 214.0   .1068   .0288  7.70
0251 1 0 1 020 192.0   .1011   .0282  7.32
0252 2 0 1 020 192.0   .1011   .0282  7.32
0253 1 0 2 020 189.0  1.0159   .2888 73.94
0254 1 0 4 021	-1.0 15.6370  1.1127 -1.00
0256 1 0 4 021	-1.0 15.6370  1.1127 -1.00
0257 1 0 4 021	-1.0 15.6370  1.1127 -1.00
0258 1 0 4 021	-1.0 15.6370  1.1127 -1.00
0264 1 0 1 022 132.0   .0647   .0150  5.50
0265 2 0 1 022 132.0   .0647   .0150  5.50
0266 1 0 1 022 104.0   .0462   .0083  3.86
0267 2 0 1 022 104.0   .0462   .0083  3.86
0268 1 0 1 022 116.0   .0720   .0143  4.85
0269 2 0 1 022 116.0   .0720   .0143  4.85
0270 1 0 1 022 116.0   .0539   .0164  4.40
0271 2 0 1 022 116.0   .0539   .0164  4.40
0272 1 0 1 022 118.0   .0705   .0186  4.50
0273 2 0 1 022 118.0   .0705   .0186  4.50
0274 1 0 2 022 117.0   .6146   .1452 46.22
0277 1 0 1 023 200.0   .0748   .0167  4.10
0278 2 0 1 023 200.0   .0748   .0167  4.10
0279 1 0 1 023 206.0   .0776   .0168  4.10
0280 2 0 1 023 206.0   .0776   .0168  4.10
0281 1 0 1 023 220.0   .0738   .0141  4.10
0282 2 0 1 023 220.0   .0738   .0141  4.10
0283 1 0 1 023 202.0   .0719   .0157  4.10
0284 2 0 1 023 202.0   .0719   .0157  4.10
0285 1 0 1 023 194.0   .0717   .0148  4.10
0286 2 0 1 023 194.0   .0717   .0148  4.10
0287 1 0 2 023 204.0   .7421   .1560 41.00
0288 1 0 1 024 378.0   .1117   .0084  4.10
0289 2 0 1 024 378.0   .1117   .0084  4.10
0290 1 0 1 024 382.0   .1061   .0079  4.10
0291 2 0 1 024 382.0   .1061   .0079  4.10
0292 1 0 1 024 298.0   .0951   .0070  4.10
0293 2 0 1 024 298.0   .0951   .0070  4.10
0294 1 0 1 024 318.0   .1047   .0081  4.10
0295 2 0 1 024 318.0   .1047   .0081  4.10
0296 1 0 1 024 282.0   .0939   .0071  4.10
0297 2 0 1 024 282.0   .0939   .0071  4.10
0298 1 0 2 024 331.0  1.0675   .0808 41.00
0301 1 0 4 025	-1.0  7.7400  1.0961 -1.00
0302 1 0 4 025	-1.0  7.7400  1.0961 -1.00
0303 1 0 4 025	-1.0  7.7400  1.0961 -1.00
0304 1 0 4 025	-1.0  7.7400  1.0961 -1.00
0305 1 0 4 025	-1.0  7.7400  1.0961 -1.00
0306 1 0 1 026 112.0   .0764   .0165  5.71
0307 2 0 1 026 112.0   .0764   .0165  5.71
0308 1 0 1 026 102.0   .0637   .0131  5.15
0309 2 0 1 026 102.0   .0637   .0131  5.15
0310 1 0 1 026	94.0   .0550   .0133  4.91
0311 2 0 1 026	94.0   .0550   .0133  4.91
0312 1 0 1 026 128.0   .0775   .0202  4.94
0313 2 0 1 026 128.0   .0775   .0202  4.94
0314 1 0 1 026 132.0   .0681   .0170  5.20
0315 2 0 1 026 132.0   .0681   .0170  5.20
0316 1 0 2 026 113.0   .8410   .1891 59.14
0317 1 0 5 027	-1.0  7.8663  6.0463 -1.00
0318 1 0 5 027	-1.0  7.8663  6.0463 -1.00
0319 1 0 5 027	-1.0  7.8663  6.0463 -1.00
0320 1 0 5 027	-1.0  7.8663  6.0463 -1.00
0321 1 0 5 027	-1.0  7.8663  6.0463 -1.00
0324 1 0 1 028 102.0   .0441   .0137  4.10
0325 2 0 1 028 102.0   .0441   .0137  4.10
0326 1 0 1 028	92.0   .0436   .0155  4.10
0327 2 0 1 028	92.0   .0436   .0155  4.10
0328 1 0 1 028	90.0   .0435   .0152  4.10
0329 2 0 1 028	90.0   .0435   .0152  4.10
0330 1 0 1 028	96.0   .0410   .0129  4.10
0331 2 0 1 028	96.0   .0410   .0129  4.10
0332 1 0 1 028	90.0   .0360   .0106  4.10
0333 2 0 1 028	90.0   .0360   .0106  4.10
0334 1 0 2 028	94.0   .4169   .1367 41.00
0335 1 0 1 029 172.0   .0720   .0259  4.10
0336 2 0 1 029 172.0   .0720   .0259  4.10
0337 1 0 1 029 172.0   .0691   .0239  4.10
0338 2 0 1 029 172.0   .0691   .0239  4.10
0339 1 0 1 029 138.0   .0602   .0198  4.10
0340 2 0 1 029 138.0   .0602   .0198  4.10
0341 1 0 1 029 188.0   .0754   .0278  4.10
0342 2 0 1 029 188.0   .0754   .0278  4.10
0343 1 0 1 029 184.0   .0821   .0294  4.10
0344 2 0 1 029 184.0   .0821   .0294  4.10
0345 1 0 2 029 170.0   .7171   .2412 41.00
0346 1 0 1 030 128.0   .0465   .0118  4.10
0347 2 0 1 030 128.0   .0465   .0118  4.10
0348 1 0 1 030 118.0   .0414   .0113  4.10
0349 2 0 1 030 118.0   .0414   .0113  4.10
0350 1 0 1 030	96.0   .0418   .0102  4.10
0351 2 0 1 030	96.0   .0418   .0102  4.10
0352 1 0 1 030 118.0   .0386   .0091  4.10
0353 2 0 1 030 118.0   .0386   .0091  4.10
0354 1 0 1 030 132.0   .0373   .0096  4.10
0355 2 0 1 030 132.0   .0373   .0096  4.10
0356 1 0 2 030 118.0   .3968   .0953 41.00
0357 1 1 1 001 136.0 -1.0000 -1.0000 -1.00
0358 2 1 1 001 136.0 -1.0000 -1.0000 -1.00
0359 1 1 1 001 124.0 -1.0000 -1.0000 -1.00
0360 2 1 1 001 124.0 -1.0000 -1.0000 -1.00
0361 1 1 1 001 140.0 -1.0000 -1.0000 -1.00
0362 2 1 1 001 140.0 -1.0000 -1.0000 -1.00
0363 1 1 1 001 138.0 -1.0000 -1.0000 -1.00
0364 2 1 1 001 138.0 -1.0000 -1.0000 -1.00
0365 1 1 1 001 128.0 -1.0000 -1.0000 -1.00
0366 2 1 1 001 128.0 -1.0000 -1.0000 -1.00
0367 1 1 2 001 133.0 -1.0000 -1.0000 -1.00
0370 1 0 1 031	70.0   .0303   .0112  4.10
0371 2 0 1 031	70.0   .0303   .0112  4.10
0372 1 0 1 031	82.0   .0288   .0111  4.10
0373 2 0 1 031	82.0   .0288   .0111  4.10
0374 1 0 1 031 104.0   .0438   .0224  4.10
0375 2 0 1 031 104.0   .0438   .0224  4.10
0376 1 0 1 031 102.0   .0287   .0112  4.10
0377 2 0 1 031 102.0   .0287   .0112  4.10
0378 1 0 1 031	74.0   .0300   .0115  4.10
0379 2 0 1 031	74.0   .0300   .0115  4.10
0380 1 0 2 031	86.0   .3151   .1242 41.00
0381 1 0 1 032 222.0   .0814   .0101  4.10
0382 2 0 1 032 222.0   .0814   .0101  4.10
0383 1 0 1 032 218.0   .0773   .0114  4.10
0384 2 0 1 032 218.0   .0773   .0114  4.10
0385 1 0 1 032 220.0   .0760   .0104  4.10
0386 2 0 1 032 220.0   .0760   .0104  4.10
0387 1 0 1 032 210.0   .0797   .0105  4.10
0388 2 0 1 032 210.0   .0797   .0105  4.10
0389 1 0 1 032 238.0   .0873   .0104  4.10
0390 2 0 1 032 238.0   .0873   .0104  4.10
0391 1 0 2 032 221.0   .8665   .1054 41.00
0392 1 1 1 004 148.0 -1.0000 -1.0000 -1.00
0393 2 1 1 004 148.0 -1.0000 -1.0000 -1.00
0394 1 1 1 004 290.0 -1.0000 -1.0000 -1.00
0395 2 1 1 004 290.0 -1.0000 -1.0000 -1.00
0396 1 1 1 004 208.0 -1.0000 -1.0000 -1.00
0397 2 1 1 004 208.0 -1.0000 -1.0000 -1.00
0398 1 1 1 004 188.0 -1.0000 -1.0000 -1.00
0399 2 1 1 004 188.0 -1.0000 -1.0000 -1.00
0400 1 1 1 004 208.0 -1.0000 -1.0000 -1.00
0401 2 1 1 004 208.0 -1.0000 -1.0000 -1.00
0402 1 1 2 004 208.0 -1.0000 -1.0000 -1.00
0403 1 0 5 033	-1.0  8.5752  6.8440 -1.00
0404 1 0 5 033	-1.0  8.5752  6.8440 -1.00
0405 1 0 5 033	-1.0  8.5752  6.8440 -1.00
0406 1 0 5 033	-1.0  8.5752  6.8440 -1.00
0407 1 0 5 033	-1.0  8.5752  6.8440 -1.00
0410 1 0 1 034 122.0   .0429   .0147  4.10
0411 2 0 1 034 122.0   .0429   .0147  4.10
0412 1 0 1 034 118.0   .0397   .0119  4.10
0413 2 0 1 034 118.0   .0397   .0119  4.10
0414 1 0 1 034 134.0   .0480   .0157  4.10
0415 2 0 1 034 134.0   .0480   .0157  4.10
0416 1 0 1 034	82.0   .0315   .0079  4.10
0417 2 0 1 034	82.0   .0315   .0079  4.10
0418 1 0 1 034 134.0   .0394   .0149  4.10
0419 2 0 1 034 134.0   .0394   .0149  4.10
0420 1 0 2 034 118.0   .4263   .1223 41.00
0421 1 1 1 002	72.0 -1.0000 -1.0000 -1.00
0422 2 1 1 002	72.0 -1.0000 -1.0000 -1.00
0423 1 1 1 002	90.0 -1.0000 -1.0000 -1.00
0424 2 1 1 002	90.0 -1.0000 -1.0000 -1.00
0425 1 1 1 002 104.0 -1.0000 -1.0000 -1.00
0426 2 1 1 002 104.0 -1.0000 -1.0000 -1.00
0427 1 1 1 002 100.0 -1.0000 -1.0000 -1.00
0428 2 1 1 002 100.0 -1.0000 -1.0000 -1.00
0429 1 1 1 002	92.0 -1.0000 -1.0000 -1.00
0430 2 1 1 002	92.0 -1.0000 -1.0000 -1.00
0431 1 1 2 002	91.0 -1.0000 -1.0000 -1.00
0437 1 1 3 009	-1.0 -1.0000 -1.0000 -1.00
0438 1 1 3 009	-1.0 -1.0000 -1.0000 -1.00
0439 1 1 3 009	-1.0 -1.0000 -1.0000 -1.00
0440 1 1 3 009	-1.0 -1.0000 -1.0000 -1.00
0441 1 1 3 009	-1.0 -1.0000 -1.0000 -1.00
0442 1 1 3 010	-1.0 -1.0000 -1.0000 -1.00
0443 1 1 3 010	-1.0 -1.0000 -1.0000 -1.00
0444 1 1 3 010	-1.0 -1.0000 -1.0000 -1.00
0445 1 1 3 010	-1.0 -1.0000 -1.0000 -1.00
0446 1 1 3 010	-1.0 -1.0000 -1.0000 -1.00
0447 1 1 3 008	-1.0 -1.0000 -1.0000 -1.00
0448 1 1 3 008	-1.0 -1.0000 -1.0000 -1.00
0449 1 1 3 008	-1.0 -1.0000 -1.0000 -1.00
0450 1 1 3 008	-1.0 -1.0000 -1.0000 -1.00
0451 1 1 3 008	-1.0 -1.0000 -1.0000 -1.00
0454 1 1 1 007 288.0 -1.0000 -1.0000 -1.00
0455 2 1 1 007 288.0 -1.0000 -1.0000 -1.00
0456 1 1 1 007 264.0 -1.0000 -1.0000 -1.00
0457 2 1 1 007 264.0 -1.0000 -1.0000 -1.00
0458 1 1 1 007 306.0 -1.0000 -1.0000 -1.00
0459 2 1 1 007 306.0 -1.0000 -1.0000 -1.00
0460 1 1 1 007 234.0 -1.0000 -1.0000 -1.00
0461 2 1 1 007 234.0 -1.0000 -1.0000 -1.00
0462 1 1 1 007 224.0 -1.0000 -1.0000 -1.00
0463 2 1 1 007 224.0 -1.0000 -1.0000 -1.00
0464 1 1 2 007 263.0 -1.0000 -1.0000 -1.00
0465 1 1 1 018	88.0   .0109   .0102  4.10
0466 2 1 1 018	88.0   .0109   .0102  4.10
0467 1 1 1 018	82.0   .0124   .0117  4.10
0468 2 1 1 018	82.0   .0124   .0117  4.10
0469 1 1 1 018 126.0   .0138   .0126  4.10
0470 2 1 1 018 126.0   .0138   .0126  4.10
0471 1 1 1 018	78.0   .0135   .0129  4.10
0472 2 1 1 018	78.0   .0135   .0129  4.10
0473 1 1 1 018	78.0   .0116   .0107  4.10
0474 2 1 1 018	78.0   .0116   .0107  4.10
0475 1 1 2 018	90.0   .1244   .1162 41.00
0476 1 1 1 017 150.0   .0160   .0155  4.10
0477 2 1 1 017 150.0   .0160   .0155  4.10
0478 1 1 1 017 158.0   .0156   .0148  4.10
0479 2 1 1 017 158.0   .0156   .0148  4.10
0480 1 1 1 017 188.0   .0161   .0154  4.10
0481 2 1 1 017 188.0   .0161   .0154  4.10
0482 1 1 1 017 248.0   .0175   .0169  4.10
0483 2 1 1 017 248.0   .0175   .0169  4.10
0484 1 1 1 017 254.0   .0208   .0196  4.10
0485 2 1 1 017 254.0   .0208   .0196  4.10
0486 1 1 2 017 199.0   .1720   .1644 41.00
0489 1 1 1 026	54.0   .0128   .0120  4.10
0490 2 1 1 026	54.0   .0128   .0120  4.10
0491 1 1 1 026	42.0   .0082   .0070  4.10
0492 2 1 1 026	42.0   .0082   .0070  4.10
0493 1 1 1 026	78.0   .0129   .0117  4.10
0494 2 1 1 026	78.0   .0129   .0117  4.10
0495 1 1 1 026	32.0   .0087   .0080  4.10
0496 2 1 1 026	32.0   .0087   .0080  4.10
0497 1 1 1 026	52.0   .0106   .0095  4.10
0498 2 1 1 026	52.0   .0106   .0095  4.10
0499 1 1 2 026	51.0   .1064   .0964 41.00
0500 1 0 1 036 390.0   .1625   .0179  4.10
0501 2 0 1 036 390.0   .1625   .0179  4.10
0502 1 0 1 036 380.0   .1602   .0192  4.10
0503 2 0 1 036 380.0   .1602   .0192  4.10
0504 1 0 1 036 302.0   .1240   .0146  4.10
0505 2 0 1 036 302.0   .1240   .0146  4.10
0506 1 0 1 036 630.0   .2400   .0248  4.10
0507 2 0 1 036 630.0   .2400   .0248  4.10
0508 1 0 1 036 302.0   .1395   .0190  4.10
0509 2 0 1 036 302.0   .1395   .0190  4.10
0510 1 0 2 036 400.0  1.3899   .1686 41.00
0511 1 0 1 037 128.0   .0546   .0206  4.10
0512 2 0 1 037 128.0   .0546   .0206  4.10
0513 1 0 1 037 142.0   .0647   .0292  4.10
0514 2 0 1 037 142.0   .0647   .0292  4.10
0515 1 0 1 037 164.0   .0695   .0281  4.10
0516 2 0 1 037 164.0   .0695   .0281  4.10
0517 1 0 1 037 172.0   .0753   .0297  4.10
0518 2 0 1 037 172.0   .0753   .0297  4.10
0519 1 0 1 037 150.0   .0655   .0258  4.10
0520 2 0 1 037 150.0   .0655   .0258  4.10
0521 1 0 2 037 151.0   .6485   .2595 41.00
0522 1 0 1 038 170.0   .0727   .0216  4.10
0523 2 0 1 038 170.0   .0727   .0216  4.10
0524 1 0 1 038 158.0   .0685   .0184  4.10
0525 2 0 1 038 158.0   .0685   .0184  4.10
0526 1 0 1 038 156.0   .0671   .0193  4.10
0527 2 0 1 038 156.0   .0671   .0193  4.10
0528 1 0 1 038 166.0   .0702   .0222  4.10
0529 2 0 1 038 166.0   .0702   .0222  4.10
0530 1 0 1 038 162.0   .0696   .0192  4.10
0531 2 0 1 038 162.0   .0696   .0192  4.10
0532 1 0 2 038 162.0   .7181   .2095 41.00
0535 1 0 1 039 206.0   .0752   .0191  4.10
0536 2 0 1 039 206.0   .0752   .0191  4.10
0537 1 0 1 039 224.0   .0796   .0203  4.10
0538 2 0 1 039 224.0   .0796   .0203  4.10
0539 1 0 1 039 156.0   .0595   .0162  4.10
0540 2 0 1 039 156.0   .0595   .0162  4.10
0541 1 0 1 039 220.0   .0734   .0193  4.10
0542 2 0 1 039 220.0   .0734   .0193  4.10
0543 1 0 1 039 190.0   .0711   .0145  4.10
0544 2 0 1 039 190.0   .0711   .0145  4.10
0545 1 0 2 039 199.0   .7135   .1752 41.00
0549 1 0 1 040 294.0   .0730   .0247  4.10
0550 2 0 1 040 294.0   .0730   .0247  4.10
0551 1 0 1 040 260.0   .0886   .0308  4.10
0552 2 0 1 040 260.0   .0886   .0308  4.10
0553 1 0 1 040 244.0   .0819   .0296  4.10
0554 2 0 1 040 244.0   .0819   .0296  4.10
0555 1 0 1 040 284.0   .0881   .0331  4.10
0556 2 0 1 040 284.0   .0881   .0331  4.10
0557 1 0 1 040 166.0   .0593   .0175  4.10
0558 2 0 1 040 166.0   .0593   .0175  4.10
0559 1 0 2 040 249.0   .7566   .2580 41.00
0560 1 0 1 041 174.0   .0706   .0235  4.10
0561 2 0 1 041 174.0   .0706   .0235  4.10
0562 1 0 1 041 170.0   .0688   .0229  4.10
0563 2 0 1 041 170.0   .0688   .0229  4.10
0564 1 0 1 041 190.0   .0779   .0271  4.10
0565 2 0 1 041 190.0   .0779   .0271  4.10
0566 1 0 1 041 176.0   .0695   .0256  4.10
0567 2 0 1 041 176.0   .0695   .0256  4.10
0568 1 0 1 041 170.0   .0718   .0250  4.10
0569 2 0 1 041 170.0   .0718   .0250  4.10
0570 1 0 2 041 176.0   .7165   .2365 41.00
0571 1 1 1 023 278.0   .0265   .0253  4.10
0572 2 1 1 023 278.0   .0265   .0253  4.10
0573 1 1 1 023 150.0   .0241   .0230  4.10
0574 2 1 1 023 150.0   .0241   .0230  4.10
0575 1 1 1 023 212.0   .0227   .0217  4.10
0576 2 1 1 023 212.0   .0227   .0217  4.10
0577 1 1 1 023 182.0   .0229   .0224  4.10
0578 2 1 1 023 182.0   .0229   .0224  4.10
0579 1 1 1 023 198.0   .0245   .0235  4.10
0580 2 1 1 023 198.0   .0245   .0235  4.10
0581 1 1 2 023 204.0   .2414   .2318 41.00
0582 2 0 1 042 808.0   .3549   .0312  4.94
0583 1 0 1 042 808.0   .3549   .0312  4.94
0584 2 0 1 042 604.0   .3911   .0411  7.16
0585 1 0 1 042 604.0   .3911   .0411  7.16
0586 2 0 1 042 182.0   .1153   .0113  4.36
0587 1 0 1 042 182.0   .1153   .0113  4.36
0588 2 0 1 042 282.0   .1342   .0120  4.82
0589 1 0 1 042 282.0   .1342   .0120  4.82
0590 2 0 1 042 268.0   .1114   .0108  3.92
0591 1 0 1 042 268.0   .1114   .0108  3.92
0592 1 0 2 042 428.0  2.2138   .2128 50.40
0593 1 1 1 030	68.0   .0111   .0109  4.10
0594 2 1 1 030	68.0   .0111   .0109  4.10
0595 1 1 1 030	72.0   .0119   .0116  4.10
0596 2 1 1 030	72.0   .0119   .0116  4.10
0597 1 1 1 030	82.0   .0137   .0132  4.10
0598 2 1 1 030	82.0   .0137   .0132  4.10
0599 1 1 1 030	88.0   .0123   .0123  4.10
0600 2 1 1 030	88.0   .0123   .0123  4.10
0601 1 1 1 030	98.0   .0123   .0111  4.10
0602 2 1 1 030	98.0   .0123   .0111  4.10
0603 1 1 2 030	81.0   .1226   .1182 41.00
0604 1 1 1 013 196.0 -1.0000 -1.0000 -1.00
0605 2 1 1 013 196.0 -1.0000 -1.0000 -1.00
0606 1 1 1 013 208.0 -1.0000 -1.0000 -1.00
0607 2 1 1 013 208.0 -1.0000 -1.0000 -1.00
0608 1 1 1 013 190.0 -1.0000 -1.0000 -1.00
0609 2 1 1 013 190.0 -1.0000 -1.0000 -1.00
0610 1 1 1 013 166.0 -1.0000 -1.0000 -1.00
0611 2 1 1 013 166.0 -1.0000 -1.0000 -1.00
0612 1 1 1 013 192.0 -1.0000 -1.0000 -1.00
0613 2 1 1 013 192.0 -1.0000 -1.0000 -1.00
0614 1 1 2 013 190.0 -1.0000 -1.0000 -1.00
0617 1 1 1 036	72.0   .0171   .0168  4.10
0618 2 1 1 036	72.0   .0171   .0168  4.10
0619 1 1 1 036	82.0   .0140   .0134  4.10
0620 2 1 1 036	82.0   .0140   .0134  4.10
0621 1 1 1 036	70.0   .0165   .0159  4.10
0622 2 1 1 036	70.0   .0165   .0159  4.10
0623 1 1 1 036	94.0   .0237   .0222  4.10
0624 2 1 1 036	94.0   .0237   .0222  4.10
0625 1 1 1 036	88.0   .0186   .0175  4.10
0626 2 1 1 036	88.0   .0186   .0175  4.10
0627 1 1 2 036	81.0   .1798   .1716 41.00
0628 1 1 1 034 138.0   .0152   .0146  4.10
0629 2 1 1 034 138.0   .0152   .0146  4.10
0630 1 1 1 034	98.0   .0131   .0122  4.10
0631 2 1 1 034	98.0   .0131   .0122  4.10
0632 1 1 1 034	94.0   .0142   .0136  4.10
0633 2 1 1 034	94.0   .0142   .0136  4.10
0634 1 1 1 034 104.0   .0170   .0161  4.10
0635 2 1 1 034 104.0   .0170   .0161  4.10
0636 1 1 1 034	58.0   .0107   .0102  4.10
0637 2 1 1 034	58.0   .0107   .0102  4.10
0638 1 1 2 034	98.0   .1404   .1334 41.00
0639 1 1 1 019 228.0   .0275   .0267  4.10
0640 2 1 1 019 228.0   .0275   .0267  4.10
0641 1 1 1 019 138.0   .0232   .0230  4.10
0642 2 1 1 019 138.0   .0232   .0230  4.10
0643 1 1 1 019 194.0   .0325   .0317  4.10
0644 2 1 1 019 194.0   .0325   .0317  4.10
0645 1 1 1 019 178.0   .0264   .0259  4.10
0646 2 1 1 019 178.0   .0264   .0259  4.10
0647 1 1 1 019 206.0   .0289   .0284  4.10
0648 2 1 1 019 206.0   .0289   .0284  4.10
0649 1 1 2 019 188.0   .2770   .2714 41.00
0651 1 0 5 043	-1.0  1.4143  1.2509 -1.00
0652 1 0 5 043	-1.0  1.5978  1.4175 -1.00
0653 1 0 5 043	-1.0  2.0863  1.8203 -1.00
0654 1 0 5 043	-1.0  1.3320  1.1722 -1.00
0655 1 0 5 043	-1.0  1.5538  1.3972 -1.00
0656 1 0 5 044	-1.0  1.8253  1.5917 -1.00
0657 1 0 5 044	-1.0  1.8487  1.6265 -1.00
0658 1 0 5 044	-1.0  1.6275  1.4124 -1.00
0659 1 0 5 044	-1.0  1.8958  1.6670 -1.00
0660 1 0 5 044	-1.0  1.7632  1.5656 -1.00
0661 1 0 5 045	-1.0  1.4693  1.2972 -1.00
0662 1 0 5 045	-1.0  1.3197  1.1640 -1.00
0663 1 0 5 045	-1.0  1.7793  1.5602 -1.00
0664 1 0 5 045	-1.0  1.5434  1.3509 -1.00
0665 1 0 5 045	-1.0  1.7374  1.5391 -1.00
0666 1 1 1 028	70.0   .0134   .0126  4.10
0667 2 1 1 028	70.0   .0134   .0126  4.10
0668 1 1 1 028	76.0   .0155   .0145  4.10
0669 2 1 1 028	76.0   .0155   .0145  4.10
0670 1 1 1 028	76.0   .0158   .0148  4.10
0671 2 1 1 028	76.0   .0158   .0148  4.10
0672 1 1 1 028	68.0   .0138   .0133  4.10
0673 2 1 1 028	68.0   .0138   .0133  4.10
0674 1 1 1 028	72.0   .0156   .0148  4.10
0675 2 1 1 028	72.0   .0156   .0148  4.10
0676 1 1 2 028	72.0   .1482   .1400 41.00
0679 1 1 1 020 190.0   .0209   .0207  3.37
0680 2 1 1 020 190.0   .0209   .0207  3.37
0681 1 1 1 020 196.0   .0168   .0167  3.03
0682 2 1 1 020 196.0   .0168   .0167  3.03
0683 1 1 1 020 146.0   .0164   .0164  3.18
0684 2 1 1 020 146.0   .0164   .0164  3.18
0685 1 1 1 020 162.0   .0177   .0177  2.90
0686 2 1 1 020 162.0   .0177   .0177  2.90
0687 1 1 1 020 174.0   .0179   .0179  2.87
0688 2 1 1 020 174.0   .0179   .0179  2.87
0689 1 1 2 020 173.0   .1794   .1788 30.70
0690 1 0 3 046	-1.0 -1.0000 -1.0000 -1.00
0691 1 0 3 046	-1.0 -1.0000 -1.0000 -1.00
0692 1 0 3 046	-1.0 -1.0000 -1.0000 -1.00
0693 1 0 3 046	-1.0 -1.0000 -1.0000 -1.00
0694 1 0 3 046	-1.0 -1.0000 -1.0000 -1.00
0695 1 0 3 047	-1.0 -1.0000 -1.0000 -1.00
0696 1 0 3 047	-1.0 -1.0000 -1.0000 -1.00
0697 1 0 3 047	-1.0 -1.0000 -1.0000 -1.00
0698 1 0 3 047	-1.0 -1.0000 -1.0000 -1.00
0699 1 0 3 047	-1.0 -1.0000 -1.0000 -1.00
0702 1 1 1 031	58.0   .0105   .0103  4.10
0703 2 1 1 031	58.0   .0105   .0103  4.10
0704 1 1 1 031	98.0   .0251   .0244  4.10
0705 2 1 1 031	98.0   .0251   .0244  4.10
0706 1 1 1 031	68.0   .0131   .0128  4.10
0707 2 1 1 031	68.0   .0131   .0128  4.10
0708 1 1 1 031	70.0   .0120   .0119  4.10
0709 2 1 1 031	70.0   .0120   .0119  4.10
0710 1 1 1 031	66.0   .0124   .0122  4.10
0711 2 1 1 031	66.0   .0124   .0122  4.10
0712 1 1 2 031	72.0   .1462   .1432 41.00
0713 1 0 3 048	-1.0 -1.0000 -1.0000 -1.00
0714 1 0 3 048	-1.0 -1.0000 -1.0000 -1.00
0715 1 0 3 048	-1.0 -1.0000 -1.0000 -1.00
0716 1 0 3 048	-1.0 -1.0000 -1.0000 -1.00
0717 1 0 3 048	-1.0 -1.0000 -1.0000 -1.00
0718 1 1 4 016	-1.0 -1.0000 -1.0000 -1.00
0719 1 1 4 016	-1.0 -1.0000 -1.0000 -1.00
0720 1 1 4 016	-1.0 -1.0000 -1.0000 -1.00
0721 1 1 4 016	-1.0 -1.0000 -1.0000 -1.00
0722 1 1 4 016	-1.0 -1.0000 -1.0000 -1.00
0723 1 1 4 025	-1.0 -1.0000 -1.0000 -1.00
0724 1 1 4 025	-1.0 -1.0000 -1.0000 -1.00
0725 1 1 4 025	-1.0 -1.0000 -1.0000 -1.00
0726 1 1 4 025	-1.0 -1.0000 -1.0000 -1.00
0727 1 1 4 025	-1.0 -1.0000 -1.0000 -1.00
0728 1 1 5 042	-1.0 -1.0000 -1.0000 -1.00
0729 1 1 5 042	-1.0 -1.0000 -1.0000 -1.00
0730 1 1 5 042	-1.0 -1.0000 -1.0000 -1.00
0731 1 1 5 042	-1.0 -1.0000 -1.0000 -1.00
0734 1 1 1 032	64.0   .0106   .0103  4.10
0735 2 1 1 032	64.0   .0106   .0103  4.10
0736 1 1 1 032	60.0   .0129   .0125  4.10
0737 2 1 1 032	60.0   .0129   .0125  4.10
0738 1 1 1 032	42.0   .0103   .0100  4.10
0739 2 1 1 032	42.0   .0103   .0100  4.10
0740 1 1 1 032	46.0   .0111   .0109  4.10
0741 2 1 1 032	46.0   .0111   .0109  4.10
0742 1 1 1 032	50.0   .0087   .0086  4.10
0743 2 1 1 032	50.0   .0087   .0086  4.10
0744 1 1 2 032	52.0   .1072   .1046 41.00
0745 1 1 3 012	-1.0 -1.0000 -1.0000 -1.00
0746 1 1 3 012	-1.0 -1.0000 -1.0000 -1.00
0747 1 1 3 012	-1.0 -1.0000 -1.0000 -1.00
0748 1 1 3 012	-1.0 -1.0000 -1.0000 -1.00
0749 1 1 3 012	-1.0 -1.0000 -1.0000 -1.00
0750 1 1 1 037 142.0   .0369   .0358  4.10
0751 2 1 1 037 142.0   .0369   .0358  4.10
0752 1 1 1 037	86.0   .0209   .0202  4.10
0753 2 1 1 037	86.0   .0209   .0202  4.10
0754 1 1 1 037 114.0   .0303   .0292  4.10
0755 2 1 1 037 114.0   .0303   .0292  4.10
0756 1 1 1 037 118.0   .0358   .0345  4.10
0757 2 1 1 037 118.0   .0358   .0345  4.10
0758 1 1 1 037 104.0   .0300   .0290  4.10
0759 2 1 1 037 104.0   .0300   .0290  4.10
0760 1 1 2 037 112.0   .3078   .2974 41.00
0761 1 1 3 011	-1.0 -1.0000 -1.0000 -1.00
0762 1 1 3 011	-1.0 -1.0000 -1.0000 -1.00
0763 1 1 3 011	-1.0 -1.0000 -1.0000 -1.00
0764 1 1 3 011	-1.0 -1.0000 -1.0000 -1.00
0765 1 1 3 011	-1.0 -1.0000 -1.0000 -1.00
0768 1 1 1 038 106.0   .0266   .0250  4.10
0769 2 1 1 038 106.0   .0266   .0250  4.10
0770 1 1 1 038 104.0   .0272   .0259  4.10
0771 2 1 1 038 104.0   .0272   .0259  4.10
0772 1 1 1 038 104.0   .0295   .0280  4.10
0773 2 1 1 038 104.0   .0295   .0280  4.10
0774 1 1 1 038 112.0   .0247   .0233  4.10
0775 2 1 1 038 112.0   .0247   .0233  4.10
0776 1 1 1 038 110.0   .0272   .0260  4.10
0777 2 1 1 038 110.0   .0272   .0260  4.10
0778 1 1 2 038 107.0   .2704   .2564 41.00
0779 1 0 3 049	-1.0 -1.0000 -1.0000 -1.00
0780 1 0 3 049	-1.0 -1.0000 -1.0000 -1.00
0781 1 0 3 049	-1.0 -1.0000 -1.0000 -1.00
0782 1 0 3 049	-1.0 -1.0000 -1.0000 -1.00
0783 1 0 3 049	-1.0 -1.0000 -1.0000 -1.00
0784 1 1 1 039 150.0   .0189   .0178  4.10
0785 2 1 1 039 150.0   .0189   .0178  4.10
0786 1 1 1 039 152.0   .0170   .0164  4.10
0787 2 1 1 039 152.0   .0170   .0164  4.10
0788 1 1 1 039 154.0   .0200   .0189  4.10
0789 2 1 1 039 154.0   .0200   .0189  4.10
0790 1 1 1 039 142.0   .0216   .0206  4.10
0791 2 1 1 039 142.0   .0216   .0206  4.10
0792 1 1 1 039 156.0   .0230   .0218  4.10
0793 2 1 1 039 156.0   .0230   .0218  4.10
0794 1 1 2 039 150.0   .2010   .1910 41.00
0797 1 1 1 040 134.0   .0250   .0239  4.10
0798 2 1 1 040 134.0   .0250   .0239  4.10
0799 1 1 1 040 118.0   .0294   .0282  4.10
0800 2 1 1 040 118.0   .0294   .0282  4.10
0801 1 1 1 040 174.0   .0366   .0351  4.10
0802 2 1 1 040 174.0   .0366   .0351  4.10
0803 1 1 1 040 138.0   .0309   .0301  4.10
0804 2 1 1 040 138.0   .0309   .0301  4.10
0805 1 1 1 040 122.0   .0223   .0215  4.10
0806 2 1 1 040 122.0   .0223   .0215  4.10
0807 1 1 2 040 137.0   .2884   .2776 41.00
0808 1 0 3 050	-1.0 -1.0000 -1.0000 -1.00
0809 1 0 3 050	-1.0 -1.0000 -1.0000 -1.00
0810 1 0 3 050	-1.0 -1.0000 -1.0000 -1.00
0811 1 0 3 050	-1.0 -1.0000 -1.0000 -1.00
0812 1 0 3 050	-1.0 -1.0000 -1.0000 -1.00
0813 1 1 1 041 108.0   .0413   .0405  4.10
0814 2 1 1 041 108.0   .0413   .0405  4.10
0815 1 1 1 041	88.0   .0292   .0278  4.10
0816 2 1 1 041	88.0   .0292   .0278  4.10
0817 1 1 1 041	78.0   .0221   .0210  4.10
0818 2 1 1 041	78.0   .0221   .0210  4.10
0819 1 1 1 041 100.0   .0287   .0274  4.10
0820 2 1 1 041 100.0   .0287   .0274  4.10
0821 1 1 1 041 122.0   .0408   .0397  4.10
0822 2 1 1 041 122.0   .0408   .0397  4.10
0823 1 1 2 041	99.0   .3242   .3128 41.00
0824 1 1 2 014	-1.0 -1.0000 -1.0000 -1.00
0827 1 0 3 051	-1.0 -1.0000 -1.0000 -1.00
0828 1 0 3 051	-1.0 -1.0000 -1.0000 -1.00
0829 1 0 3 051	-1.0 -1.0000 -1.0000 -1.00
0830 1 0 3 051	-1.0 -1.0000 -1.0000 -1.00
0831 1 0 3 051	-1.0 -1.0000 -1.0000 -1.00
0832 1 0 5 052	-1.0 -1.0000 -1.0000 -1.00
0833 1 0 5 052	-1.0 -1.0000 -1.0000 -1.00
0834 1 0 5 052	-1.0 -1.0000 -1.0000 -1.00
0835 1 0 5 052	-1.0 -1.0000 -1.0000 -1.00
0836 1 0 5 052	-1.0 -1.0000 -1.0000 -1.00
0837 1 0 5 053	-1.0  0.2219  0.2012 -1.00
0838 1 0 5 053	-1.0  0.2164  0.1974 -1.00
0839 1 0 5 053	-1.0  0.2335  0.2138 -1.00
0840 1 0 5 053	-1.0  0.2405  0.2196 -1.00
0841 1 0 5 053	-1.0  0.2089  0.1919 -1.00
0853 1 1 5 052	-1.0 -1.0000 -1.0000 -1.00
0854 1 1 5 052	-1.0 -1.0000 -1.0000 -1.00
0855 1 1 5 052	-1.0 -1.0000 -1.0000 -1.00
0856 1 1 5 052	-1.0 -1.0000 -1.0000 -1.00
0857 1 1 5 052	-1.0 -1.0000 -1.0000 -1.00
0860 1 1 5 033	-1.0 -1.0000 -1.0000 -1.00
0861 1 1 5 033	-1.0 -1.0000 -1.0000 -1.00
0862 1 1 5 033	-1.0 -1.0000 -1.0000 -1.00
0863 1 1 5 033	-1.0 -1.0000 -1.0000 -1.00
0864 1 1 5 033	-1.0 -1.0000 -1.0000 -1.00
0865 1 0 3 054	-1.0 -1.0000 -1.0000 -1.00
0866 1 0 3 054	-1.0 -1.0000 -1.0000 -1.00
0867 1 0 3 054	-1.0 -1.0000 -1.0000 -1.00
0868 1 0 3 054	-1.0 -1.0000 -1.0000 -1.00
0869 1 0 3 054	-1.0 -1.0000 -1.0000 -1.00
0925 1 0 1 055 634.0   .1361   .0393  4.10
0926 2 0 1 055 634.0   .1361   .0393  4.10
0927 1 0 1 055 484.0   .1352   .0389  4.10
0928 2 0 1 055 484.0   .1352   .0389  4.10
0929 1 0 1 055 572.0   .1192   .0317  4.10
0930 2 0 1 055 572.0   .1192   .0317  4.10
0931 1 0 1 055 628.0   .1352   .0359  4.10
0932 2 0 1 055 628.0   .1352   .0359  4.10
0933 1 0 1 055 596.0   .1340   .0391  4.10
0934 2 0 1 055 596.0   .1340   .0391  4.10
0935 1 0 2 055 582.0  1.2747   .3309 41.00
0938 1 0 1 056 170.0   .0756   .0355  4.10
0939 2 0 1 056 170.0   .0756   .0355  4.10
0940 1 0 1 056 158.0   .0709   .0326  4.10
0941 2 0 1 056 158.0   .0709   .0326  4.10
0942 1 0 1 056 150.0   .0646   .0296  4.10
0943 2 0 1 056 150.0   .0646   .0296  4.10
0944 1 0 1 056 162.0   .0716   .0352  4.10
0945 2 0 1 056 162.0   .0716   .0352  4.10
0946 1 0 1 056 158.0   .0698   .0319  4.10
0947 2 0 1 056 158.0   .0698   .0319  4.10
0948 1 0 2 056 159.0   .6997   .3197 41.00
0949 1 0 1 057 124.0   .0501   .0234  4.10
0950 2 0 1 057 124.0   .0501   .0234  4.10
0951 1 0 1 057 144.0   .0586   .0289  4.10
0952 2 0 1 057 144.0   .0586   .0289  4.10
0953 1 0 1 057 128.0   .0510   .0237  4.10
0954 2 0 1 057 128.0   .0510   .0237  4.10
0955 1 0 1 057 164.0   .0474   .0223  4.10
0956 2 0 1 057 164.0   .0474   .0223  4.10
0957 1 0 1 057 110.0   .0467   .0219  4.10
0958 2 0 1 057 110.0   .0467   .0219  4.10
0959 1 0 2 057 134.0   .5285   .2483 41.00
0960 1 0 1 058 200.0   .0859   .0434  4.10
0961 2 0 1 058 200.0   .0859   .0434  4.10
0962 1 0 1 058 154.0   .0649   .0289  4.10
0963 2 0 1 058 154.0   .0649   .0289  4.10
0964 1 0 1 058 172.0   .0660   .0333  4.10
0965 2 0 1 058 172.0   .0660   .0333  4.10
0966 1 0 1 058 238.0   .0784   .0393  4.10
0967 2 0 1 058 238.0   .0784   .0393  4.10
0968 1 0 1 058 220.0   .0748   .0372  4.10
0969 2 0 1 058 220.0   .0748   .0372  4.10
0970 1 0 2 058 196.0   .6857   .3280 41.00
0973 1 0 1 059 132.0   .0521   .0205  4.10
0974 2 0 1 059 132.0   .0521   .0205  4.10
0975 1 0 1 059 130.0   .0496   .0182  4.10
0976 2 0 1 059 130.0   .0496   .0182  4.10
0977 1 0 1 059 134.0   .0528   .0183  4.10
0978 2 0 1 059 134.0   .0528   .0183  4.10
0979 1 0 1 059 140.0   .0535   .0217  4.10
0980 2 0 1 059 140.0   .0535   .0217  4.10
0981 1 0 1 059 144.0   .0516   .0202  4.10
0982 2 0 1 059 144.0   .0516   .0202  4.10
0983 1 0 2 059 136.0   .5440   .2044 41.00
0984 1 0 1 060 172.0   .0666   .0284  4.10
0985 2 0 1 060 172.0   .0666   .0284  4.10
0986 1 0 1 060 146.0   .0561   .0242  4.10
0987 2 0 1 060 146.0   .0561   .0242  4.10
0988 1 0 1 060 136.0   .0558   .0240  4.10
0989 2 0 1 060 136.0   .0558   .0240  4.10
0990 1 0 1 060 152.0   .0605   .0265  4.10
0991 2 0 1 060 152.0   .0605   .0265  4.10
0992 1 0 1 060 142.0   .0516   .0213  4.10
0993 2 0 1 060 142.0   .0516   .0213  4.10
0994 1 0 2 060 149.0   .5774   .2437 41.00
0997 1 0 1 061 142.0   .0519   .0240  4.10
0998 2 0 1 061 142.0   .0519   .0240  4.10
0999 1 0 1 061 134.0   .0519   .0245  4.10
1000 2 0 1 061 134.0   .0519   .0245  4.10
1001 1 0 1 061 114.0   .0407   .0163  4.10
1002 2 0 1 061 114.0   .0407   .0163  4.10
1003 1 0 1 061 144.0   .0516   .0235  4.10
1004 2 0 1 061 144.0   .0516   .0235  4.10
1005 1 0 1 061 146.0   .0530   .0231  4.10
1006 2 0 1 061 146.0   .0530   .0231  4.10
1007 1 0 2 061 136.0   .4804   .2048 41.00
1008 1 0 1 062 154.0   .0606   .0286  4.10
1009 2 0 1 062 154.0   .0606   .0286  4.10
1010 1 0 1 062 132.0   .0544   .0227  4.10
1011 2 0 1 062 132.0   .0544   .0227  4.10
1012 1 0 1 062 142.0   .0612   .0274  4.10
1013 2 0 1 062 142.0   .0612   .0274  4.10
1014 1 0 1 062 162.0   .0653   .0290  4.10
1015 2 0 1 062 162.0   .0653   .0290  4.10
1016 1 0 1 062 172.0   .0604   .0266  4.10
1017 2 0 1 062 172.0   .0604   .0266  4.10
1018 1 0 2 062 152.0   .6014   .2692 41.00
1019 1 0 1 063 188.0   .1168   .0552  6.85
1020 2 0 1 063 188.0   .1168   .0552  6.85
1021 1 0 1 063 174.0   .1158   .0447  6.04
1022 2 0 1 063 174.0   .1158   .0447  6.04
1023 1 0 1 063 154.0   .1122   .0494  6.58
1024 2 0 1 063 154.0   .1122   .0494  6.58
1025 1 0 1 063 166.0   .1077   .0542  7.09
1026 2 0 1 063 166.0   .1077   .0542  7.09
1027 1 0 1 063 194.0   .1483   .0625  7.84
1028 2 0 1 063 194.0   .1483   .0625  7.84
1029 1 0 2 063 175.0  1.1103   .4850 63.97
1032 1 0 1 064 100.0   .0309   .0106  4.10
1033 2 0 1 064 100.0   .0309   .0106  4.10
1034 1 0 1 064 112.0   .0296   .0123  4.10
1035 2 0 1 064 112.0   .0296   .0123  4.10
1036 1 0 1 064 156.0   .0411   .0171  4.10
1037 2 0 1 064 156.0   .0411   .0171  4.10
1038 1 0 1 064 138.0   .0322   .0119  4.10
1039 2 0 1 064 138.0   .0322   .0119  4.10
1040 1 0 1 064 124.0   .0392   .0189  4.10
1041 2 0 1 064 124.0   .0392   .0189  4.10
1042 1 0 2 064 126.0   .3464   .1361 41.00
1043 1 0 1 065 140.0   .0560   .0264  4.10
1044 2 0 1 065 140.0   .0560   .0264  4.10
1045 1 0 1 065 148.0   .0534   .0244  4.10
1046 2 0 1 065 148.0   .0534   .0244  4.10
1047 1 0 1 065 150.0   .0489   .0234  4.10
1048 2 0 1 065 150.0   .0489   .0234  4.10
1049 1 0 1 065 146.0   .0443   .0202  4.10
1050 2 0 1 065 146.0   .0443   .0202  4.10
1051 1 0 1 065 144.0   .0533   .0281  4.10
1052 2 0 1 065 144.0   .0533   .0281  4.10
1053 1 0 2 065 145.0   .5321   .2488 41.00
1054 1 0 1 066 106.0   .0511   .0250  4.10
1055 2 0 1 066 106.0   .0511   .0250  4.10
1056 1 0 1 066	88.0   .0372   .0187  4.10
1057 2 0 1 066	88.0   .0372   .0187  4.10
1058 1 0 1 066	90.0   .0396   .0224  4.10
1059 2 0 1 066	90.0   .0396   .0224  4.10
1060 1 0 1 066	96.0   .0384   .0232  4.10
1061 2 0 1 066	96.0   .0384   .0232  4.10
1062 1 0 1 066 102.0   .0446   .0269  4.10
1063 2 0 1 066 102.0   .0446   .0269  4.10
1064 1 0 2 066	96.0   .4473   .2229 41.00
1065 1 0 1 067 114.0   .0432   .0154  4.10
1066 2 0 1 067 114.0   .0432   .0154  4.10
1067 1 0 1 067 128.0   .0404   .0144  4.10
1068 2 0 1 067 128.0   .0404   .0144  4.10
1069 1 0 1 067 112.0   .0438   .0149  4.10
1070 2 0 1 067 112.0   .0438   .0149  4.10
1071 1 0 1 067 138.0   .0394   .0121  4.10
1072 2 0 1 067 138.0   .0394   .0121  4.10
1073 1 0 1 067	92.0   .0393   .0145  4.10
1074 2 0 1 067	92.0   .0393   .0145  4.10
1075 1 0 2 067 116.0   .3769   .1185 41.00
1076 1 0 1 068 182.0   .0554   .0150  4.10
1077 2 0 1 068 182.0   .0554   .0150  4.10
1078 1 0 1 068 150.0   .0535   .0172  4.10
1079 2 0 1 068 150.0   .0535   .0172  4.10
1080 1 0 1 068 140.0   .0432   .0130  4.10
1081 2 0 1 068 140.0   .0432   .0130  4.10
1082 1 0 1 068 170.0   .0567   .0172  4.10
1083 2 0 1 068 170.0   .0567   .0172  4.10
1084 1 0 1 068 126.0   .0395   .0136  4.10
1085 2 0 1 068 126.0   .0395   .0136  4.10
1086 1 0 2 068 153.0   .5181   .1535 41.00
1089 1 0 1 069 148.0   .0518   .0278  4.10
1090 2 0 1 069 148.0   .0518   .0278  4.10
1091 1 0 1 069 196.0   .0748   .0360  4.10
1092 2 0 1 069 196.0   .0748   .0360  4.10
1093 1 0 1 069 124.0   .0429   .0249  4.10
1094 2 0 1 069 124.0   .0429   .0249  4.10
1095 1 0 1 069 186.0   .0720   .0350  4.10
1096 2 0 1 069 186.0   .0720   .0350  4.10
1097 1 0 1 069 176.0   .0713   .0338  4.10
1098 2 0 1 069 176.0   .0713   .0338  4.10
1099 1 0 2 069 166.0   .7020   .3552 41.00
1100 1 0 1 070 212.0   .0665   .0161  4.10
1101 2 0 1 070 212.0   .0665   .0161  4.10
1102 1 0 1 070 210.0   .0680   .0159  4.10
1103 2 0 1 070 210.0   .0680   .0159  4.10
1104 1 0 1 070 202.0   .0641   .0151  4.10
1105 2 0 1 070 202.0   .0641   .0151  4.10
1106 1 0 1 070 250.0   .0775   .0187  4.10
1107 2 0 1 070 250.0   .0775   .0187  4.10
1108 1 0 1 070 188.0   .0637   .0159  4.10
1109 2 0 1 070 188.0   .0637   .0159  4.10
1110 1 0 2 070 212.0   .7246   .1704 41.00
1111 1 0 1 071 124.0   .0479   .0206  4.10
1112 2 0 1 071 124.0   .0479   .0206  4.10
1113 1 0 1 071 110.0   .0337   .0129  4.10
1114 2 0 1 071 110.0   .0337   .0129  4.10
1115 1 0 1 071 140.0   .0436   .0186  4.10
1116 2 0 1 071 140.0   .0436   .0186  4.10
1117 1 0 1 071	96.0   .0335   .0134  4.10
1118 2 0 1 071	96.0   .0335   .0134  4.10
1119 1 0 1 071	98.0   .0362   .0173  4.10
1120 2 0 1 071	98.0   .0362   .0173  4.10
1121 1 0 2 071 113.0   .4186   .1742 41.00
1122 1 0 4 072	-1.0 -1.0000 -1.0000 -1.00
1123 1 0 4 072	-1.0 -1.0000 -1.0000 -1.00
1124 1 0 4 072	-1.0 -1.0000 -1.0000 -1.00
1125 1 0 4 072	-1.0 -1.0000 -1.0000 -1.00
1126 1 0 4 072	-1.0 -1.0000 -1.0000 -1.00
1129 1 0 1 073 810.0   .1943   .0343  4.10
1130 2 0 1 073 810.0   .1943   .0343  4.10
1131 1 0 1 073 968.0   .2311   .0375  4.10
1132 2 0 1 073 968.0   .2311   .0375  4.10
1133 1 0 1 073 720.0   .1799   .0328  4.10
1134 2 0 1 073 720.0   .1799   .0328  4.10
1135 1 0 1 073 552.0   .1785   .0299  4.10
1136 2 0 1 073 552.0   .1785   .0299  4.10
1137 1 0 1 073 650.0   .2145   .0344  4.10
1138 2 0 1 073 650.0   .2145   .0344  4.10
1139 1 0 2 073 740.0  2.0574   .3451 41.00
1140 1 0 3 074	-1.0  0.3948  0.1531 -1.00
1141 1 0 3 074	-1.0  0.3331  0.1227 -1.00
1142 1 0 3 074	-1.0  0.4669  0.1815 -1.00
1143 1 0 3 074	-1.0  0.3323  0.1296 -1.00
1144 1 0 3 074	-1.0  0.3867  0.1522 -1.00
1145 1 0 1 075 152.0   .0579   .0176  4.10
1146 2 0 1 075 152.0   .0579   .0176  4.10
1147 1 0 1 075 210.0   .0651   .0199  4.10
1148 2 0 1 075 210.0   .0651   .0199  4.10
1149 1 0 1 075 210.0   .0633   .0176  4.10
1150 2 0 1 075 210.0   .0633   .0176  4.10
1151 1 0 1 075 214.0   .0670   .0214  4.10
1152 2 0 1 075 214.0   .0670   .0214  4.10
1153 1 0 1 075 194.0   .0681   .0226  4.10
1154 2 0 1 075 194.0   .0681   .0226  4.10
1155 1 0 2 075 196.0   .5886   .1723 41.00
1156 1 0 1 076 300.0   .0580   .0206  4.10
1157 2 0 1 076 300.0   .0580   .0206  4.10
1158 1 0 1 076 336.0   .0605   .0246  4.10
1159 2 0 1 076 336.0   .0605   .0246  4.10
1160 1 0 1 076 424.0   .0818   .0247  4.10
1161 2 0 1 076 424.0   .0818   .0247  4.10
1162 1 0 1 076 372.0   .0780   .0267  4.10
1163 2 0 1 076 372.0   .0780   .0267  4.10
1164 1 0 1 076 306.0   .0772   .0250  4.10
1165 2 0 1 076 306.0   .0772   .0250  4.10
1166 1 0 2 076 347.0   .6953   .2458 41.00
1167 1 0 1 077 198.0   .0667   .0310  4.10
1168 2 0 1 077 198.0   .0667   .0310  4.10
1169 1 0 1 077 154.0   .0542   .0242  4.10
1170 2 0 1 077 154.0   .0542   .0242  4.10
1171 1 0 1 077 180.0   .0652   .0290  4.10
1172 2 0 1 077 180.0   .0652   .0290  4.10
1173 1 0 1 077 168.0   .0659   .0307  4.10
1174 2 0 1 077 168.0   .0659   .0307  4.10
1175 1 0 1 077 154.0   .0567   .0271  4.10
1176 2 0 1 077 154.0   .0567   .0271  4.10
1177 1 0 2 077 170.0   .6134   .2843 41.00
1180 1 0 1 078 222.0   .0932   .0373  4.10
1181 2 0 1 078 222.0   .0932   .0373  4.10
1182 1 0 1 078 192.0   .0689   .0245  4.10
1183 2 0 1 078 192.0   .0689   .0245  4.10
1184 1 0 1 078 186.0   .0772   .0305  4.10
1185 2 0 1 078 186.0   .0772   .0305  4.10
1186 1 0 1 078 208.0   .0942   .0369  4.10
1187 2 0 1 078 208.0   .0942   .0369  4.10
1188 1 0 1 078 198.0   .0782   .0284  4.10
1189 2 0 1 078 198.0   .0782   .0284  4.10
1190 1 0 2 078 201.0   .7865   .2887 41.00
1191 1 0 1 079 104.0   .0387   .0134  4.10
1192 2 0 1 079 104.0   .0387   .0134  4.10
1193 1 0 1 079 134.0   .0509   .0195  4.10
1194 2 0 1 079 134.0   .0509   .0195  4.10
1195 1 0 1 079	90.0   .0385   .0141  4.10
1196 2 0 1 079	90.0   .0385   .0141  4.10
1197 1 0 1 079	94.0   .0419   .0173  4.10
1198 2 0 1 079	94.0   .0419   .0173  4.10
1199 1 0 1 079 116.0   .0464   .0190  4.10
1200 2 0 1 079 116.0   .0464   .0190  4.10
1201 1 0 2 079 107.0   .4582   .1783 41.00
1202 1 0 3 080	-1.0  0.2495  0.0989 -1.00
1203 1 0 3 080	-1.0  0.3179  0.1329 -1.00
1204 1 0 3 080	-1.0  0.2799  0.1169 -1.00
1205 1 0 3 080	-1.0  0.6005  0.1802 -1.00
1206 1 0 3 080	-1.0  0.4972  0.2032 -1.00
1209 1 0 1 081 252.0   .0715   .0244  4.10
1210 2 0 1 081 252.0   .0715   .0244  4.10
1211 1 0 1 081 230.0   .0798   .0289  4.10
1212 2 0 1 081 230.0   .0798   .0289  4.10
1213 1 0 1 081 256.0   .0856   .0291  4.10
1214 2 0 1 081 256.0   .0856   .0291  4.10
1215 1 0 1 081 242.0   .0798   .0309  4.10
1216 2 0 1 081 242.0   .0798   .0309  4.10
1217 1 0 1 081 276.0   .0907   .0381  4.10
1218 2 0 1 081 276.0   .0907   .0381  4.10
1219 1 0 2 081 251.0   .8401   .3114 41.00
1220 1 0 3 082	-1.0  0.8330  0.3385 -1.00
1221 1 0 3 082	-1.0  0.5514  0.2209 -1.00
1222 1 0 3 082	-1.0  0.7806  0.3173 -1.00
1223 1 0 3 082	-1.0  0.7700  0.3122 -1.00
1224 1 0 3 082	-1.0  0.8031  0.3181 -1.00
1227 1 1 1 055 390.0   .0434   .0399  4.10
1228 2 1 1 055 390.0   .0434   .0399  4.10
1229 1 1 1 055 322.0   .0373   .0338  4.10
1230 2 1 1 055 322.0   .0373   .0338  4.10
1231 1 1 1 055 420.0   .0575   .0538  4.10
1232 2 1 1 055 420.0   .0575   .0538  4.10
1233 1 1 1 055 312.0   .0353   .0316  4.10
1234 2 1 1 055 312.0   .0353   .0316  4.10
1235 1 1 1 055 436.0   .0524   .0483  4.10
1236 2 1 1 055 436.0   .0524   .0483  4.10
1237 1 1 2 055 376.0   .4518   .4148 41.00
1238 1 1 1 056 132.0   .0419   .0410  4.10
1239 2 1 1 056 132.0   .0419   .0410  4.10
1240 1 1 1 056 124.0   .0359   .0352  4.10
1241 2 1 1 056 124.0   .0359   .0352  4.10
1242 1 1 1 056 138.0   .0377   .0369  4.10
1243 2 1 1 056 138.0   .0377   .0369  4.10
1244 1 1 1 056 118.0   .0298   .0287  4.10
1245 2 1 1 056 118.0   .0298   .0287  4.10
1246 1 1 1 056 156.0   .0438   .0424  4.10
1247 2 1 1 056 156.0   .0438   .0424  4.10
1248 1 1 2 056 133.0   .3782   .3684 41.00
1249 1 1 1 057 126.0   .0257   .0249  4.10
1250 2 1 1 057 126.0   .0257   .0249  4.10
1251 1 1 1 057 108.0   .0261   .0251  4.10
1252 2 1 1 057 108.0   .0261   .0251  4.10
1253 1 1 1 057 132.0   .0332   .0322  4.10
1254 2 1 1 057 132.0   .0332   .0322  4.10
1255 1 1 1 057 124.0   .0228   .0214  4.10
1256 2 1 1 057 124.0   .0228   .0214  4.10
1257 1 1 1 057 106.0   .0223   .0209  4.10
1258 2 1 1 057 106.0   .0223   .0209  4.10
1259 1 1 2 057 119.0   .2602   .2490 41.00
1260 1 1 1 058 154.0   .0280   .0269  4.10
1261 2 1 1 058 154.0   .0280   .0269  4.10
1262 1 1 1 058 120.0   .0277   .0267  4.10
1263 2 1 1 058 120.0   .0277   .0267  4.10
1264 1 1 1 058 116.0   .0254   .0244  4.10
1265 2 1 1 058 116.0   .0254   .0244  4.10
1266 1 1 1 058 128.0   .0345   .0330  4.10
1267 2 1 1 058 128.0   .0345   .0330  4.10
1268 1 1 1 058 114.0   .0294   .0277  4.10
1269 2 1 1 058 114.0   .0294   .0277  4.10
1270 1 1 2 058 126.0   .2900   .2774 41.00
1271 1 1 1 059 100.0   .0206   .0192  4.10
1272 2 1 1 059 100.0   .0206   .0192  4.10
1273 1 1 1 059 100.0   .0228   .0215  4.10
1274 2 1 1 059 100.0   .0228   .0215  4.10
1275 1 1 1 059 106.0   .0253   .0242  4.10
1276 2 1 1 059 106.0   .0253   .0242  4.10
1277 1 1 1 059 100.0   .0213   .0203  4.10
1278 2 1 1 059 100.0   .0213   .0203  4.10
1279 1 1 1 059 120.0   .0237   .0224  4.10
1280 2 1 1 059 120.0   .0237   .0224  4.10
1281 1 1 2 059 105.0   .2274   .2152 41.00
1284 1 1 1 060 156.0 -1.0000 -1.0000 -1.00
1285 2 1 1 060 156.0 -1.0000 -1.0000 -1.00
1286 1 1 1 060 160.0 -1.0000 -1.0000 -1.00
1287 2 1 1 060 160.0 -1.0000 -1.0000 -1.00
1288 1 1 1 060 188.0 -1.0000 -1.0000 -1.00
1289 2 1 1 060 188.0 -1.0000 -1.0000 -1.00
1290 1 1 1 060 186.0 -1.0000 -1.0000 -1.00
1291 2 1 1 060 186.0 -1.0000 -1.0000 -1.00
1292 1 1 1 060 172.0 -1.0000 -1.0000 -1.00
1293 2 1 1 060 172.0 -1.0000 -1.0000 -1.00
1294 1 1 2 060 172.0 -1.0000 -1.0000 -1.00
1295 1 1 1 061 124.0   .0225   .0211  4.10
1296 2 1 1 061 124.0   .0225   .0211  4.10
1297 1 1 1 061 102.0   .0181   .0171  4.10
1298 2 1 1 061 102.0   .0181   .0171  4.10
1299 1 1 1 061 100.0   .0191   .0177  4.10
1300 2 1 1 061 100.0   .0191   .0177  4.10
1301 1 1 1 061 114.0   .0214   .0200  4.10
1302 2 1 1 061 114.0   .0214   .0200  4.10
1303 1 1 1 061	92.0   .0152   .0141  4.10
1304 2 1 1 061	92.0   .0152   .0141  4.10
1305 1 1 2 061 106.0   .1926   .1800 41.00
1306 1 1 1 062 166.0   .0286   .0276  4.10
1307 2 1 1 062 166.0   .0286   .0276  4.10
1308 1 1 1 062 208.0   .0292   .0280  4.10
1309 2 1 1 062 208.0   .0292   .0280  4.10
1310 1 1 1 062 198.0   .0324   .0313  4.10
1311 2 1 1 062 198.0   .0324   .0313  4.10
1312 1 1 1 062 192.0   .0318   .0302  4.10
1313 2 1 1 062 192.0   .0318   .0302  4.10
1314 1 1 1 062 180.0   .0340   .0320  4.10
1315 2 1 1 062 180.0   .0340   .0320  4.10
1316 1 1 2 062 188.0   .3120   .2982 41.00
1317 1 1 1 063 228.0 -1.0000 -1.0000 -1.00
1318 2 1 1 063 228.0 -1.0000 -1.0000 -1.00
1319 1 1 1 063 162.0 -1.0000 -1.0000 -1.00
1320 2 1 1 063 162.0 -1.0000 -1.0000 -1.00
1321 1 1 1 063 170.0 -1.0000 -1.0000 -1.00
1322 2 1 1 063 170.0 -1.0000 -1.0000 -1.00
1323 1 1 1 063 112.0 -1.0000 -1.0000 -1.00
1324 2 1 1 063 112.0 -1.0000 -1.0000 -1.00
1325 1 1 1 063 252.0 -1.0000 -1.0000 -1.00
1326 2 1 1 063 252.0 -1.0000 -1.0000 -1.00
1327 1 1 2 063 184.0 -1.0000 -1.0000 -1.00
1328 1 1 1 064	78.0   .0146   .0140  4.10
1329 2 1 1 064	78.0   .0146   .0140  4.10
1330 1 1 1 064 118.0   .0162   .0155  4.10
1331 2 1 1 064 118.0   .0162   .0155  4.10
1332 1 1 1 064 100.0   .0133   .0126  4.10
1333 2 1 1 064 100.0   .0133   .0126  4.10
1334 1 1 1 064 134.0   .0165   .0156  4.10
1335 2 1 1 064 134.0   .0165   .0156  4.10
1336 1 1 1 064	96.0   .0151   .0144  4.10
1337 2 1 1 064	96.0   .0151   .0144  4.10
1338 1 1 2 064 105.0   .1514   .1442 41.00
1341 1 0 1 083 184.0   .0719   .0263  4.10
1342 2 0 1 083 184.0   .0719   .0263  4.10
1343 1 0 1 083 150.0   .0578   .0206  4.10
1344 2 0 1 083 150.0   .0578   .0206  4.10
1345 1 0 1 083 146.0   .0600   .0216  4.10
1346 2 0 1 083 146.0   .0600   .0216  4.10
1347 1 0 1 083 128.0   .0555   .0192  4.10
1348 2 0 1 083 128.0   .0555   .0192  4.10
1349 1 0 1 083 124.0   .0572   .0199  4.10
1350 2 0 1 083 124.0   .0572   .0199  4.10
1351 1 0 2 083 146.0   .6407   .2245 41.00
1352 1 0 1 084 118.0   .0468   .0221  4.00
1353 2 0 1 084 118.0   .0468   .0221  4.00
1354 1 0 1 084 122.0   .0601   .0277  4.64
1355 2 0 1 084 122.0   .0601   .0277  4.64
1356 1 0 1 084 118.0   .0605   .0288  4.75
1357 2 0 1 084 118.0   .0605   .0288  4.75
1358 1 0 1 084 124.0   .0591   .0290  4.59
1359 2 0 1 084 124.0   .0591   .0290  4.59
1360 1 0 1 084 114.0   .0394   .0192  3.41
1361 2 0 1 084 114.0   .0394   .0192  3.41
1362 1 0 2 084 119.0   .6391   .3045 51.63
1363 1 0 1 085 236.0   .1238   .0547  4.10
1364 2 0 1 085 236.0   .1238   .0547  4.10
1365 1 0 1 085 230.0   .1123   .0503  4.10
1366 2 0 1 085 230.0   .1123   .0503  4.10
1367 1 0 1 085 240.0   .1138   .0490  4.10
1368 2 0 1 085 240.0   .1138   .0490  4.10
1369 1 0 1 085 214.0   .1028   .0452  4.10
1370 2 0 1 085 214.0   .1028   .0452  4.10
1371 1 0 1 085 240.0   .1148   .0520  4.10
1372 2 0 1 085 240.0   .1148   .0520  4.10
1373 1 0 2 085 232.0  1.0781   .4946 41.00
1374 1 0 3 086	-1.0  0.6387  0.2803 -1.00
1375 1 0 3 086	-1.0  0.5375  0.2361 -1.00
1376 1 0 3 086	-1.0  0.6091  0.2608 -1.00
1377 1 0 3 086	-1.0  0.6368  0.2851 -1.00
1378 1 0 3 086	-1.0  0.7581  0.3360 -1.00
1379 1 0 3 087	-1.0  0.7920  0.3121 -1.00
1380 1 0 3 087	-1.0  0.7265  0.2885 -1.00
1381 1 0 3 087	-1.0  0.5866  0.2303 -1.00
1382 1 0 3 087	-1.0  0.5249  0.2079 -1.00
1383 1 0 3 087	-1.0  0.6969  0.2772 -1.00
1384 1 0 1 088 196.0   .0807   .0100  4.10
1385 2 0 1 088 196.0   .0807   .0100  4.10
1386 1 0 1 088 216.0   .0767   .0097  4.10
1387 2 0 1 088 216.0   .0767   .0097  4.10
1388 1 0 1 088 178.0   .0774   .0099  4.10
1389 2 0 1 088 178.0   .0774   .0099  4.10
1390 1 0 1 088 210.0   .0797   .0097  4.10
1391 2 0 1 088 210.0   .0797   .0097  4.10
1392 1 0 1 088 274.0   .1155   .0141  4.10
1393 2 0 1 088 274.0   .1155   .0141  4.10
1394 1 0 2 088 214.0   .8283   .1006 41.00
1395 1 1 1 065 124.0   .0334   .0322  4.10
1396 2 1 1 065 124.0   .0334   .0322  4.10
1397 1 1 1 065 132.0   .0339   .0328  4.10
1398 2 1 1 065 132.0   .0339   .0328  4.10
1399 1 1 1 065 138.0   .0300   .0288  4.10
1400 2 1 1 065 138.0   .0300   .0288  4.10
1401 1 1 1 065 142.0   .0384   .0370  4.10
1402 2 1 1 065 142.0   .0384   .0370  4.10
1403 1 1 1 065 132.0   .0308   .0299  4.10
1404 2 1 1 065 132.0   .0308   .0299  4.10
1405 1 1 2 065 133.0   .3330   .3214 41.00
1408 1 1 1 066	98.0 -1.0000 -1.0000 -1.00
1409 2 1 1 066	98.0 -1.0000 -1.0000 -1.00
1410 1 1 1 066	88.0 -1.0000 -1.0000 -1.00
1411 2 1 1 066	88.0 -1.0000 -1.0000 -1.00
1412 1 1 1 066	98.0 -1.0000 -1.0000 -1.00
1413 2 1 1 066	98.0 -1.0000 -1.0000 -1.00
1414 1 1 1 066	94.0 -1.0000 -1.0000 -1.00
1415 2 1 1 066	94.0 -1.0000 -1.0000 -1.00
1416 1 1 1 066	96.0 -1.0000 -1.0000 -1.00
1417 2 1 1 066	96.0 -1.0000 -1.0000 -1.00
1418 1 1 2 066	94.0 -1.0000 -1.0000 -1.00
1419 1 0 1 089 192.0   .0724   .0226  4.10
1420 2 0 1 089 192.0   .0724   .0226  4.10
1421 1 0 1 089 166.0   .0634   .0175  4.10
1422 2 0 1 089 166.0   .0634   .0175  4.10
1423 1 0 1 089 174.0   .0740   .0191  4.10
1424 2 0 1 089 174.0   .0740   .0191  4.10
1425 1 0 1 089 166.0   .0662   .0223  4.10
1426 2 0 1 089 166.0   .0662   .0223  4.10
1427 1 0 1 089 144.0   .0630   .0194  4.10
1428 2 0 1 089 144.0   .0630   .0194  4.10
1429 1 0 2 089 168.0   .6795   .2000 41.00
1430 1 1 1 067	76.0   .0176   .0163  4.10
1431 2 1 1 067	76.0   .0176   .0163  4.10
1432 1 1 1 067	84.0   .0186   .0177  4.10
1433 2 1 1 067	84.0   .0186   .0177  4.10
1434 1 1 1 067 102.0   .0189   .0181  4.10
1435 2 1 1 067 102.0   .0189   .0181  4.10
1436 1 1 1 067	72.0   .0173   .0167  4.10
1437 2 1 1 067	72.0   .0173   .0167  4.10
1438 1 1 1 067 118.0   .0247   .0235  4.10
1439 2 1 1 067 118.0   .0247   .0235  4.10
1440 1 1 2 067	90.0   .1942   .1846 41.00
1441 1 1 1 068 124.0   .0239   .0228  4.10
1442 2 1 1 068 124.0   .0239   .0228  4.10
1443 1 1 1 068 170.0   .0209   .0199  4.10
1444 2 1 1 068 170.0   .0209   .0199  4.10
1445 1 1 1 068 172.0   .0196   .0186  4.10
1446 2 1 1 068 172.0   .0196   .0186  4.10
1447 1 1 1 068 152.0   .0213   .0202  4.10
1448 2 1 1 068 152.0   .0213   .0202  4.10
1449 1 1 1 068 158.0   .0208   .0194  4.10
1450 2 1 1 068 158.0   .0208   .0194  4.10
1451 1 1 2 068 155.0   .2130   .2018 41.00
1452 1 1 1 069 166.0   .0352   .0341  4.10
1453 2 1 1 069 166.0   .0352   .0341  4.10
1454 1 1 1 069 176.0   .0372   .0362  4.10
1455 2 1 1 069 176.0   .0372   .0362  4.10
1456 1 1 1 069 206.0   .0467   .0453  4.10
1457 2 1 1 069 206.0   .0467   .0453  4.10
1458 1 1 1 069 176.0   .0372   .0359  4.10
1459 2 1 1 069 176.0   .0372   .0359  4.10
1460 1 1 1 069 190.0   .0433   .0419  4.10
1461 2 1 1 069 190.0   .0433   .0419  4.10
1462 1 1 2 069 182.0   .3992   .3868 41.00
1463 1 1 1 070 166.0   .0273   .0267  4.10
1464 2 1 1 070 166.0   .0273   .0267  4.10
1465 1 1 1 070 186.0   .0317   .0309  4.10
1466 2 1 1 070 186.0   .0317   .0309  4.10
1467 1 1 1 070 110.0   .0176   .0170  4.10
1468 2 1 1 070 110.0   .0176   .0170  4.10
1469 1 1 1 070 178.0   .0261   .0253  4.10
1470 2 1 1 070 178.0   .0261   .0253  4.10
1471 1 1 1 070 168.0   .0248   .0240  4.10
1472 2 1 1 070 168.0   .0248   .0240  4.10
1473 1 1 2 070 161.0   .2550   .2478 41.00
1474 1 1 1 071 198.0   .0153   .0147  4.10
1475 2 1 1 071 198.0   .0153   .0147  4.10
1476 1 1 1 071 220.0   .0216   .0210  4.10
1477 2 1 1 071 220.0   .0216   .0210  4.10
1478 1 1 1 071 144.0   .0148   .0142  4.10
1479 2 1 1 071 144.0   .0148   .0142  4.10
1480 1 1 1 071 198.0   .0193   .0187  4.10
1481 2 1 1 071 198.0   .0193   .0187  4.10
1482 1 1 1 071 244.0   .0223   .0215  4.10
1483 2 1 1 071 244.0   .0223   .0215  4.10
1484 1 1 2 071 200.0   .1866   .1802 41.00
1487 1 0 1 090 308.0   .1196   .0207  4.10
1488 2 0 1 090 308.0   .1196   .0207  4.10
1489 1 0 1 090 274.0   .1343   .0218  4.10
1490 2 0 1 090 274.0   .1343   .0218  4.10
1491 1 0 1 090 258.0   .1282   .0233  4.10
1492 2 0 1 090 258.0   .1282   .0233  4.10
1493 1 0 1 090 286.0   .1355   .0237  4.10
1494 2 0 1 090 286.0   .1355   .0237  4.10
1495 1 0 1 090 236.0   .0938   .0177  4.10
1496 2 0 1 090 236.0   .0938   .0177  4.10
1497 1 0 2 090 272.0  1.2867   .2257 41.00
1498 1 0 1 091 158.0   .0486   .0155  4.10
1499 2 0 1 091 158.0   .0486   .0155  4.10
1500 1 0 1 091 192.0   .0606   .0189  4.10
1501 2 0 1 091 192.0   .0606   .0189  4.10
1502 1 0 1 091 138.0   .0429   .0160  4.10
1503 2 0 1 091 138.0   .0429   .0160  4.10
1504 1 0 1 091 168.0   .0546   .0193  4.10
1505 2 0 1 091 168.0   .0546   .0193  4.10
1506 1 0 1 091 166.0   .0401   .0177  4.10
1507 2 0 1 091 166.0   .0401   .0177  4.10
1508 1 0 2 091 164.0   .4990   .1734 41.00
1509 1 1 1 073 228.0 -1.0000 -1.0000 -1.00
1510 2 1 1 073 228.0 -1.0000 -1.0000 -1.00
1511 1 1 1 073 242.0 -1.0000 -1.0000 -1.00
1512 2 1 1 073 242.0 -1.0000 -1.0000 -1.00
1513 1 1 1 073 304.0 -1.0000 -1.0000 -1.00
1514 2 1 1 073 304.0 -1.0000 -1.0000 -1.00
1515 1 1 1 073 204.0 -1.0000 -1.0000 -1.00
1516 2 1 1 073 204.0 -1.0000 -1.0000 -1.00
1517 1 1 1 073 286.0 -1.0000 -1.0000 -1.00
1518 2 1 1 073 286.0 -1.0000 -1.0000 -1.00
1519 1 1 2 073 252.0 -1.0000 -1.0000 -1.00
1520 1 0 1 092 208.0   .0630   .0249  4.35
1521 2 0 1 092 208.0   .0630   .0249  4.35
1522 1 0 1 092 192.0   .0457   .0220  3.73
1523 2 0 1 092 192.0   .0457   .0220  3.73
1524 1 0 1 092 248.0   .0439   .0209  2.89
1525 2 0 1 092 248.0   .0439   .0209  2.89
1526 1 0 1 092 200.0   .0311   .0142  2.60
1527 2 0 1 092 200.0   .0311   .0142  2.60
1528 1 0 1 092 196.0   .0347   .0137  2.67
1529 2 0 1 092 196.0   .0347   .0137  2.67
1530 1 0 2 092 208.0   .6607   .2582 40.37
1531 1 0 1 093 144.0   .0832   .0214  5.48
1532 2 0 1 093 144.0   .0832   .0214  5.48
1533 1 0 1 093 126.0   .0650   .0140  5.35
1534 2 0 1 093 126.0   .0650   .0140  5.35
1535 1 0 1 093 120.0   .0771   .0185  6.17
1536 2 0 1 093 120.0   .0771   .0185  6.17
1537 1 0 1 093 140.0   .0806   .0134  6.01
1538 2 0 1 093 140.0   .0806   .0134  6.01
1539 1 0 1 093 128.0   .0657   .0101  5.78
1540 2 0 1 093 128.0   .0657   .0101  5.78
1541 1 0 2 093 131.0   .7076   .1456 54.72
1542 1 0 4 094	-1.0  0.1057  0.0106 -1.00
1543 1 0 4 094	-1.0  0.1878  0.0320 -1.00
1544 1 0 4 094	-1.0  0.1023  0.0199 -1.00
1545 1 0 4 094	-1.0  0.1071  0.0187 -1.00
1546 1 0 4 094	-1.0  0.1359  0.0251 -1.00
1549 1 0 1 095 128.0   .0459   .0131  4.10
1550 2 0 1 095 128.0   .0459   .0131  4.10
1551 1 0 1 095 180.0   .0458   .0134  4.10
1552 2 0 1 095 180.0   .0458   .0134  4.10
1553 1 0 1 095 114.0   .0229   .0143  4.10
1554 2 0 1 095 114.0   .0229   .0143  4.10
1555 1 0 1 095	90.0   .0358   .0144  4.10
1556 2 0 1 095	90.0   .0358   .0144  4.10
1557 1 0 1 095 112.0   .0391   .0129  4.10
1558 2 0 1 095 112.0   .0391   .0129  4.10
1559 1 0 2 095 124.0   .4479   .1548 41.00
1560 1 0 1 096 128.0   .0284   .0172  4.10
1561 2 0 1 096 128.0   .0284   .0172  4.10
1562 1 0 1 096 100.0   .0171   .0128  4.10
1563 2 0 1 096 100.0   .0171   .0128  4.10
1564 1 0 1 096 120.0   .0233   .0150  4.10
1565 2 0 1 096 120.0   .0233   .0150  4.10
1566 1 0 1 096 118.0   .0185   .0113  4.10
1567 2 0 1 096 118.0   .0185   .0113  4.10
1568 1 0 1 096 114.0   .0223   .0135  4.10
1569 2 0 1 096 114.0   .0223   .0135  4.10
1570 1 0 2 096 116.0   .1989   .1231 41.00
1571 1 1 1 075 152.0   .0245   .0231  4.10
1572 2 1 1 075 152.0   .0245   .0231  4.10
1573 1 1 1 075 146.0   .0232   .0219  4.10
1574 2 1 1 075 146.0   .0232   .0219  4.10
1575 1 1 1 075 114.0   .0224   .0214  4.10
1576 2 1 1 075 114.0   .0224   .0214  4.10
1577 1 1 1 075	96.0   .0220   .0212  4.10
1578 2 1 1 075	96.0   .0220   .0212  4.10
1579 1 1 1 075 166.0   .0281   .0271  4.10
1580 2 1 1 075 166.0   .0281   .0271  4.10
1581 1 1 2 075 134.0   .2404   .2294 41.00
1582 1 1 1 076 302.0   .0323   .0319  4.10
1583 2 1 1 076 302.0   .0323   .0319  4.10
1584 1 1 1 076 270.0   .0313   .0306  4.10
1585 2 1 1 076 270.0   .0313   .0306  4.10
1586 1 1 1 076 344.0   .0341   .0330  4.10
1587 2 1 1 076 344.0   .0341   .0330  4.10
1588 1 1 1 076 348.0   .0267   .0258  4.10
1589 2 1 1 076 348.0   .0267   .0258  4.10
1590 1 1 1 076 292.0   .0259   .0254  4.10
1591 2 1 1 076 292.0   .0259   .0254  4.10
1592 1 1 2 076 311.0   .3006   .2934 41.00
1593 1 1 4 072	-1.0 -1.0000 -1.0000 -1.00
1594 1 1 4 072	-1.0 -1.0000 -1.0000 -1.00
1595 1 1 4 072	-1.0 -1.0000 -1.0000 -1.00
1596 1 1 4 072	-1.0 -1.0000 -1.0000 -1.00
1597 1 1 4 072	-1.0 -1.0000 -1.0000 -1.00
1598 1 1 1 077 174.0   .0381   .0377  4.10
1599 2 1 1 077 174.0   .0381   .0377  4.10
1600 1 1 1 077 224.0   .0407   .0403  4.10
1601 2 1 1 077 224.0   .0407   .0403  4.10
1602 1 1 1 077 164.0   .0387   .0385  4.10
1603 2 1 1 077 164.0   .0387   .0385  4.10
1604 1 1 1 077 170.0   .0389   .0383  4.10
1605 2 1 1 077 170.0   .0389   .0383  4.10
1606 1 1 1 077 162.0   .0374   .0366  4.10
1607 2 1 1 077 162.0   .0374   .0366  4.10
1608 1 1 2 077 179.0  0.3876  0.3828 41.00
1609 1 0 3 097	-1.0  1.9848  1.7469 -1.00
1610 1 0 3 097	-1.0  1.1378  1.0032 -1.00
1611 1 0 3 097	-1.0  1.6622  1.4639 -1.00
1612 1 0 3 097	-1.0  1.5943  1.4061 -1.00
1613 1 0 3 097	-1.0  1.4020  1.2377 -1.00
1618 1 1 1 078 122.0   .0334   .0326  4.10
1619 2 1 1 078 122.0   .0334   .0326  4.10
1620 1 1 1 078 122.0   .0264   .0259  4.10
1621 2 1 1 078 122.0   .0264   .0259  4.10
1622 1 1 1 078 116.0   .0351   .0344  4.10
1623 2 1 1 078 116.0   .0351   .0344  4.10
1624 1 1 1 078	86.0   .0240   .0235  4.10
1625 2 1 1 078	86.0   .0240   .0235  4.10
1626 1 1 1 078 122.0   .0327   .0319  4.10
1627 2 1 1 078 122.0   .0327   .0319  4.10
1628 1 1 2 078 113.0   .3032   .2966 41.00
1629 1 0 3 098	-1.0  1.4232  1.1273 -1.00
1630 1 0 3 098	-1.0  1.3933  1.1095 -1.00
1631 1 0 3 098	-1.0  1.5621  1.2405 -1.00
1632 1 0 3 098	-1.0  1.5493  1.2326 -1.00
1633 1 0 3 098	-1.0  1.3713  1.0941 -1.00
1634 1 1 1 079	96.0   .0186   .0179  4.10
1635 2 1 1 079	96.0   .0186   .0179  4.10
1636 1 1 1 079	94.0   .0247   .0236  4.10
1637 2 1 1 079	94.0   .0247   .0236  4.10
1638 1 1 1 079 108.0   .0242   .0232  4.10
1639 2 1 1 079 108.0   .0242   .0232  4.10
1640 1 1 1 079 102.0   .0249   .0239  4.10
1641 2 1 1 079 102.0   .0249   .0239  4.10
1642 1 1 1 079 108.0   .0220   .0211  4.10
1643 2 1 1 079 108.0   .0220   .0211  4.10
1644 1 1 2 079 101.0   .2288   .2194 41.00
1645 1 0 3 099	-1.0  0.2827  0.2507 -1.00
1646 1 0 3 099	-1.0  0.2990  0.2565 -1.00
1647 1 0 3 099	-1.0  0.3174  0.2802 -1.00
1648 1 0 3 099	-1.0  0.2437  0.2172 -1.00
1649 1 0 3 099	-1.0  0.2398  0.2142 -1.00
1650 1 1 1 081 132.0   .0280   .0276  4.10
1651 2 1 1 081 132.0   .0280   .0276  4.10
1652 1 1 1 081 152.0   .0356   .0339  4.10
1653 2 1 1 081 152.0   .0356   .0339  4.10
1654 1 1 1 081 184.0   .0447   .0429  4.10
1655 2 1 1 081 184.0   .0447   .0429  4.10
1656 1 1 1 081 138.0   .0281   .0258  4.10
1657 2 1 1 081 138.0   .0281   .0258  4.10
1658 1 1 1 081 152.0   .0400   .0380  4.10
1659 2 1 1 081 152.0   .0400   .0380  4.10
1660 1 1 2 081 151.0   .3528   .3364 41.00
1661 1 0 3 100	-1.0  1.5846  1.3655 -1.00
1662 1 0 3 100	-1.0  2.0320  1.7514 -1.00
1663 1 0 3 100	-1.0  1.4695  1.2680 -1.00
1664 1 0 3 100	-1.0  1.5675  1.3527 -1.00
1665 1 0 3 100	-1.0  1.7071  1.4756 -1.00
1666 1 0 4 101	-1.0  0.1461  0.0542 -1.00
1667 1 0 4 101	-1.0  0.2007  0.0825 -1.00
1668 1 0 4 101	-1.0  0.3538  0.1039 -1.00
1669 1 0 4 101	-1.0  0.2745  0.0940 -1.00
1670 1 0 4 101	-1.0  0.1753  0.0752 -1.00
1673 1 1 1 083 110.0   .0281   .0280  4.10
1674 2 1 1 083 110.0   .0281   .0280  4.10
1675 1 1 1 083 116.0   .0288   .0284  4.10
1676 2 1 1 083 116.0   .0288   .0284  4.10
1677 1 1 1 083 118.0   .0327   .0316  4.10
1678 2 1 1 083 118.0   .0327   .0316  4.10
1679 1 1 1 083 116.0   .0281   .0279  4.10
1680 2 1 1 083 116.0   .0281   .0279  4.10
1681 1 1 1 083 122.0   .0298   .0296  4.10
1682 2 1 1 083 122.0   .0298   .0296  4.10
1683 1 1 2 083 116.0   .2950   .2910 41.00
1684 1 1 1 084 130.0   .0371   .0362  4.56
1685 2 1 1 084 130.0   .0371   .0362  4.56
1686 1 1 1 084 184.0   .0316   .0307  3.77
1687 2 1 1 084 184.0   .0316   .0307  3.77
1688 1 1 1 084 130.0   .0372   .0371  4.66
1689 2 1 1 084 130.0   .0372   .0371  4.66
1690 1 1 1 084 144.0   .0329   .0326  4.48
1691 2 1 1 084 144.0   .0329   .0326  4.48
1692 1 1 1 084 140.0   .0272   .0269  4.28
1693 2 1 1 084 140.0   .0272   .0269  4.28
1694 1 1 2 084 145.0   .3320   .3270 43.50
1695 1 1 1 085 226.0   .1392   .1374  7.81
1696 2 1 1 085 226.0   .1392   .1374  7.81
1697 1 1 1 085 264.0   .0897   .0883  5.23
1698 2 1 1 085 264.0   .0897   .0883  5.23
1699 1 1 1 085 196.0   .0907   .0895  6.05
1700 2 1 1 085 196.0   .0907   .0895  6.05
1701 1 1 1 085 206.0   .0963   .0951  5.85
1702 2 1 1 085 206.0   .0963   .0951  5.85
1703 1 1 1 085 214.0   .1127   .1113  6.52
1704 2 1 1 085 214.0   .1127   .1113  6.52
1705 1 1 2 085 221.0  1.0572  1.0432 62.92
1706 1 1 1 088 118.0   .0150   .0146  4.10
1707 2 1 1 088 118.0   .0150   .0146  4.10
1708 1 1 1 088 104.0   .0138   .0134  4.10
1709 2 1 1 088 104.0   .0138   .0134  4.10
1710 1 1 1 088 102.0   .0120   .0117  4.10
1711 2 1 1 088 102.0   .0120   .0117  4.10
1712 1 1 1 088	98.0   .0108   .0103  4.10
1713 2 1 1 088	98.0   .0108   .0103  4.10
1714 1 1 1 088	70.0   .0085   .0081  4.10
1715 2 1 1 088	70.0   .0085   .0081  4.10
1716 1 1 2 088	98.0   .1202   .1162 41.00
1717 1 1 1 089 122.0   .0251   .0245  4.10
1718 2 1 1 089 122.0   .0251   .0245  4.10
1719 1 1 1 089	96.0   .0231   .0224  4.10
1720 2 1 1 089	96.0   .0231   .0224  4.10
1721 1 1 1 089 112.0   .0251   .0244  4.10
1722 2 1 1 089 112.0   .0251   .0244  4.10
1723 1 1 1 089	98.0   .0242   .0235  4.10
1724 2 1 1 089	98.0   .0242   .0235  4.10
1725 1 1 1 089	68.0   .0199   .0194  4.10
1726 2 1 1 089	68.0   .0199   .0194  4.10
1727 1 1 2 089	99.0   .2348   .2284 41.00
1728 1 1 1 090 108.0   .0189   .0180  4.10
1729 2 1 1 090 108.0   .0189   .0180  4.10
1730 1 1 1 090 122.0   .0250   .0241  4.10
1731 2 1 1 090 122.0   .0250   .0241  4.10
1732 1 1 1 090 118.0   .0232   .0224  4.10
1733 2 1 1 090 118.0   .0232   .0224  4.10
1734 1 1 1 090 116.0   .0268   .0259  4.10
1735 2 1 1 090 116.0   .0268   .0259  4.10
1736 1 1 1 090 150.0   .0287   .0276  4.10
1737 2 1 1 090 150.0   .0287   .0276  4.10
1738 1 1 2 090 122.0   .2452   .2360 41.00
1741 1 1 1 091 162.0   .0226   .0215  4.10
1742 2 1 1 091 162.0   .0226   .0215  4.10
1743 1 1 1 091 124.0   .0189   .0180  4.10
1744 2 1 1 091 124.0   .0189   .0180  4.10
1745 1 1 1 091 140.0   .0191   .0181  4.10
1746 2 1 1 091 140.0   .0191   .0181  4.10
1747 1 1 1 091 142.0   .0204   .0195  4.10
1748 2 1 1 091 142.0   .0204   .0195  4.10
1749 1 1 1 091 146.0   .0203   .0195  4.10
1750 2 1 1 091 146.0   .0203   .0195  4.10
1751 1 1 2 091 142.0   .2026   .1932 41.00
1752 1 1 1 092	-1.0   .0350   .0330  3.81
1753 2 1 1 092	-1.0   .0350   .0330  3.81
1754 1 1 1 092	-1.0   .0319   .0303  3.61
1755 2 1 1 092	-1.0   .0319   .0303  3.61
1756 1 1 1 092	-1.0   .0364   .0344  3.90
1757 2 1 1 092	-1.0   .0364   .0344  3.90
1758 1 1 1 092	-1.0   .0355   .0337  3.54
1759 2 1 1 092	-1.0   .0355   .0337  3.54
1760 1 1 1 092	-1.0   .0313   .0300  2.94
1761 2 1 1 092	-1.0   .0313   .0300  2.94
1762 1 1 2 092	-1.0   .3402   .3228 35.60
1763 1 0 1 102 164.0   .0174   .0159  4.10
1764 2 0 1 102 164.0   .0174   .0159  4.10
1765 1 0 1 102 144.0   .0129   .0116  4.10
1766 2 0 1 102 144.0   .0129   .0116  4.10
1767 1 0 1 102 138.0   .0143   .0127  4.10
1768 2 0 1 102 138.0   .0143   .0127  4.10
1769 1 0 1 102 164.0   .0163   .0145  4.10
1770 2 0 1 102 164.0   .0163   .0145  4.10
1771 1 0 1 102 146.0   .0125   .0113  4.10
1772 2 0 1 102 146.0   .0125   .0113  4.10
1773 1 0 2 102 151.0   .1502   .1342 41.00
1774 1 1 1 093	62.0   .0176   .0168  5.26
1775 2 1 1 093	62.0   .0176   .0168  5.26
1776 1 1 1 093	56.0   .0126   .0122  5.32
1777 2 1 1 093	56.0   .0126   .0122  5.32
1778 1 1 1 093	66.0   .0185   .0179  5.41
1779 2 1 1 093	66.0   .0185   .0179  5.41
1780 1 1 1 093	70.0   .0169   .0164  4.34
1781 2 1 1 093	70.0   .0169   .0164  4.34
1782 1 1 1 093	64.0   .0129   .0126  5.30
1783 2 1 1 093	64.0   .0129   .0126  5.30
1784 1 1 2 093	63.0   .1570   .1518 51.26
1785 1 1 4 094	-1.0 -1.0000 -1.0000 -1.00
1786 1 1 4 094	-1.0 -1.0000 -1.0000 -1.00
1787 1 1 4 094	-1.0 -1.0000 -1.0000 -1.00
1788 1 1 4 094	-1.0 -1.0000 -1.0000 -1.00
1789 1 1 4 094	-1.0 -1.0000 -1.0000 -1.00
1792 1 1 1 095 112.0   .0273   .0262  4.10
1793 2 1 1 095 112.0   .0273   .0262  4.10
1794 1 1 1 095 124.0   .0228   .0219  4.10
1795 2 1 1 095 124.0   .0228   .0219  4.10
1796 1 1 1 095 100.0   .0184   .0175  4.10
1797 2 1 1 095 100.0   .0184   .0175  4.10
1798 1 1 1 095 114.0   .0260   .0252  4.10
1799 2 1 1 095 114.0   .0260   .0252  4.10
1800 1 1 1 095 118.0   .0270   .0257  4.10
1801 2 1 1 095 118.0   .0270   .0257  4.10
1802 1 1 2 095 113.0   .2430   .2330 41.00
1803 1 1 1 096	80.0   .0113   .0106  4.10
1804 2 1 1 096	80.0   .0113   .0106  4.10
1805 1 1 1 096 108.0   .0143   .0130  4.10
1806 2 1 1 096 108.0   .0143   .0130  4.10
1807 1 1 1 096	86.0   .0127   .0119  4.10
1808 2 1 1 096	86.0   .0127   .0119  4.10
1809 1 1 1 096 100.0   .0138   .0127  4.10
1810 2 1 1 096 100.0   .0138   .0127  4.10
1811 1 1 1 096	96.0   .0138   .0127  4.10
1812 2 1 1 096	96.0   .0138   .0127  4.10
1813 1 1 2 096	94.0   .1318   .1218 41.00
1814 1 1 4 101	-1.0  0.0908  0.0890 -1.00
1815 1 1 4 101	-1.0  0.1072  0.1052 -1.00
1816 1 1 4 101	-1.0  0.0995  0.0973 -1.00
1817 1 1 4 101	-1.0  0.0705  0.0690 -1.00
1818 1 1 4 101	-1.0  0.0768  0.0753 -1.00
1821 1 1 3 087	-1.0 -1.0000 -1.0000 -1.00
1822 1 1 3 087	-1.0 -1.0000 -1.0000 -1.00
1823 1 1 3 087	-1.0 -1.0000 -1.0000 -1.00
1824 1 1 3 087	-1.0 -1.0000 -1.0000 -1.00
1825 1 1 3 087	-1.0 -1.0000 -1.0000 -1.00
1826 1 1 1 102 172.0 -1.0000 -1.0000 -1.00
1827 2 1 1 102 172.0 -1.0000 -1.0000 -1.00
1828 1 1 1 102 178.0 -1.0000 -1.0000 -1.00
1829 2 1 1 102 178.0 -1.0000 -1.0000 -1.00
1830 1 1 1 102 124.0 -1.0000 -1.0000 -1.00
1831 2 1 1 102 124.0 -1.0000 -1.0000 -1.00
1832 1 1 1 102 160.0 -1.0000 -1.0000 -1.00
1833 2 1 1 102 160.0 -1.0000 -1.0000 -1.00
1834 1 1 1 102 130.0 -1.0000 -1.0000 -1.00
1835 2 1 1 102 130.0 -1.0000 -1.0000 -1.00
1836 1 1 2 102 152.0 -1.0000 -1.0000 -1.00
1837 1 1 3 082	-1.0 -1.0000 -1.0000 -1.00
1838 1 1 3 082	-1.0 -1.0000 -1.0000 -1.00
1839 1 1 3 082	-1.0 -1.0000 -1.0000 -1.00
1840 1 1 3 082	-1.0 -1.0000 -1.0000 -1.00
1841 1 1 3 082	-1.0 -1.0000 -1.0000 -1.00
1842 1 1 3 080	-1.0 -1.0000 -1.0000 -1.00
1843 1 1 3 080	-1.0 -1.0000 -1.0000 -1.00
1844 1 1 3 080	-1.0 -1.0000 -1.0000 -1.00
1845 1 1 3 080	-1.0 -1.0000 -1.0000 -1.00
1846 1 1 3 080	-1.0 -1.0000 -1.0000 -1.00
1847 1 1 3 074	-1.0 -1.0000 -1.0000 -1.00
1848 1 1 3 074	-1.0 -1.0000 -1.0000 -1.00
1849 1 1 3 074	-1.0 -1.0000 -1.0000 -1.00
1850 1 1 3 074	-1.0 -1.0000 -1.0000 -1.00
1851 1 1 3 074	-1.0 -1.0000 -1.0000 -1.00
1852 1 1 3 086	-1.0 -1.0000 -1.0000 -1.00
1853 1 1 3 086	-1.0 -1.0000 -1.0000 -1.00
1854 1 1 3 086	-1.0 -1.0000 -1.0000 -1.00
1855 1 1 3 086	-1.0 -1.0000 -1.0000 -1.00
1856 1 1 3 086	-1.0 -1.0000 -1.0000 -1.00
2003 1 1 6 026	-1.0 -1.0000 -1.0000 -1.00
2004 1 1 6 026	-1.0 -1.0000 -1.0000 -1.00
2005 1 1 6 026	-1.0 -1.0000 -1.0000 -1.00
2006 1 1 6 015	-1.0 -1.0000 -1.0000 -1.00
2007 1 1 6 015	-1.0 -1.0000 -1.0000 -1.00
2008 1 1 6 015	-1.0 -1.0000 -1.0000 -1.00
2013 1 1 6 038	-1.0 -1.0000 -1.0000 -1.00
2014 1 1 6 038	-1.0 -1.0000 -1.0000 -1.00
2015 1 1 6 038	-1.0 -1.0000 -1.0000 -1.00
2016 1 1 6 029	-1.0 -1.0000 -1.0000 -1.00
2017 1 1 6 029	-1.0 -1.0000 -1.0000 -1.00
2018 1 1 6 029	-1.0 -1.0000 -1.0000 -1.00
2019 1 1 6 012	-1.0 -1.0000 -1.0000 -1.00
2020 1 1 6 012	-1.0 -1.0000 -1.0000 -1.00
2021 1 1 6 012	-1.0 -1.0000 -1.0000 -1.00
2022 1 1 6 006	-1.0 -1.0000 -1.0000 -1.00
2023 1 1 6 006	-1.0 -1.0000 -1.0000 -1.00
2024 1 1 6 006	-1.0 -1.0000 -1.0000 -1.00
2025 1 1 6 010	-1.0 -1.0000 -1.0000 -1.00
2026 1 1 6 010	-1.0 -1.0000 -1.0000 -1.00
2027 1 1 6 010	-1.0 -1.0000 -1.0000 -1.00
2028 1 1 6 019	-1.0 -1.0000 -1.0000 -1.00
2029 1 1 6 019	-1.0 -1.0000 -1.0000 -1.00
2030 1 1 6 019	-1.0 -1.0000 -1.0000 -1.00
2031 1 1 6 014	-1.0 -1.0000 -1.0000 -1.00
2032 1 1 6 014	-1.0 -1.0000 -1.0000 -1.00
2033 1 1 6 014	-1.0 -1.0000 -1.0000 -1.00
2034 1 1 6 013	-1.0 -1.0000 -1.0000 -1.00
2035 1 1 6 013	-1.0 -1.0000 -1.0000 -1.00
2036 1 1 6 013	-1.0 -1.0000 -1.0000 -1.00
2037 1 1 6 032	-1.0 -1.0000 -1.0000 -1.00
2038 1 1 6 032	-1.0 -1.0000 -1.0000 -1.00
2039 1 1 6 032	-1.0 -1.0000 -1.0000 -1.00
2040 1 1 6 039	-1.0 -1.0000 -1.0000 -1.00
2041 1 1 6 039	-1.0 -1.0000 -1.0000 -1.00
2042 1 1 6 039	-1.0 -1.0000 -1.0000 -1.00
2043 1 1 6 011	-1.0 -1.0000 -1.0000 -1.00
2044 1 1 6 011	-1.0 -1.0000 -1.0000 -1.00
2045 1 1 6 011	-1.0 -1.0000 -1.0000 -1.00
2046 1 1 6 005	-1.0 -1.0000 -1.0000 -1.00
2047 1 1 6 005	-1.0 -1.0000 -1.0000 -1.00
2048 1 1 6 005	-1.0 -1.0000 -1.0000 -1.00
2049 1 1 6 031	-1.0 -1.0000 -1.0000 -1.00
2050 1 1 6 031	-1.0 -1.0000 -1.0000 -1.00
2051 1 1 6 031	-1.0 -1.0000 -1.0000 -1.00
2052 1 1 6 007	-1.0 -1.0000 -1.0000 -1.00
2053 1 1 6 007	-1.0 -1.0000 -1.0000 -1.00
2054 1 1 6 007	-1.0 -1.0000 -1.0000 -1.00
2058 1 1 6 002	-1.0 -1.0000 -1.0000 -1.00
2059 1 1 6 002	-1.0 -1.0000 -1.0000 -1.00
2060 1 1 6 002	-1.0 -1.0000 -1.0000 -1.00
2061 1 1 6 001	-1.0 -1.0000 -1.0000 -1.00
2062 1 1 6 001	-1.0 -1.0000 -1.0000 -1.00
2063 1 1 6 001	-1.0 -1.0000 -1.0000 -1.00
2064 1 1 6 017	-1.0 -1.0000 -1.0000 -1.00
2065 1 1 6 017	-1.0 -1.0000 -1.0000 -1.00
2066 1 1 6 017	-1.0 -1.0000 -1.0000 -1.00
2067 1 1 6 030	-1.0 -1.0000 -1.0000 -1.00
2068 1 1 6 030	-1.0 -1.0000 -1.0000 -1.00
2069 1 1 6 030	-1.0 -1.0000 -1.0000 -1.00
2070 1 1 6 103	-1.0 -1.0000 -1.0000 -1.00
2071 1 1 6 103	-1.0 -1.0000 -1.0000 -1.00
2072 1 1 6 103	-1.0 -1.0000 -1.0000 -1.00
2073 1 1 6 040	-1.0 -1.0000 -1.0000 -1.00
2074 1 1 6 040	-1.0 -1.0000 -1.0000 -1.00
2075 1 1 6 040	-1.0 -1.0000 -1.0000 -1.00
2076 1 1 6 019	-1.0 -1.0000 -1.0000 -1.00
2077 1 1 6 019	-1.0 -1.0000 -1.0000 -1.00
2078 1 1 6 019	-1.0 -1.0000 -1.0000 -1.00
2079 1 1 6 036	-1.0 -1.0000 -1.0000 -1.00
2080 1 1 6 036	-1.0 -1.0000 -1.0000 -1.00
2081 1 1 6 036	-1.0 -1.0000 -1.0000 -1.00
2082 1 1 6 034	-1.0 -1.0000 -1.0000 -1.00
2083 1 1 6 034	-1.0 -1.0000 -1.0000 -1.00
2084 1 1 6 034	-1.0 -1.0000 -1.0000 -1.00
2085 1 1 6 008	-1.0 -1.0000 -1.0000 -1.00
2086 1 1 6 008	-1.0 -1.0000 -1.0000 -1.00
2087 1 1 6 008	-1.0 -1.0000 -1.0000 -1.00
2088 1 1 6 020	-1.0 -1.0000 -1.0000 -1.00
2089 1 1 6 020	-1.0 -1.0000 -1.0000 -1.00
2090 1 1 6 020	-1.0 -1.0000 -1.0000 -1.00
2091 1 1 6 022	-1.0 -1.0000 -1.0000 -1.00
2092 1 1 6 022	-1.0 -1.0000 -1.0000 -1.00
2093 1 1 6 022	-1.0 -1.0000 -1.0000 -1.00
2094 1 1 6 043	-1.0 -1.0000 -1.0000 -1.00
2095 1 1 6 043	-1.0 -1.0000 -1.0000 -1.00
2096 1 1 6 043	-1.0 -1.0000 -1.0000 -1.00
2097 1 1 6 045	-1.0 -1.0000 -1.0000 -1.00
2098 1 1 6 045	-1.0 -1.0000 -1.0000 -1.00
2099 1 1 6 045	-1.0 -1.0000 -1.0000 -1.00
2100 1 1 6 044	-1.0 -1.0000 -1.0000 -1.00
2101 1 1 6 044	-1.0 -1.0000 -1.0000 -1.00
2102 1 1 6 044	-1.0 -1.0000 -1.0000 -1.00
2107 1 1 6 018	-1.0 -1.0000 -1.0000 -1.00
2108 1 1 6 018	-1.0 -1.0000 -1.0000 -1.00
2109 1 1 6 018	-1.0 -1.0000 -1.0000 -1.00
2110 1 1 6 028	-1.0 -1.0000 -1.0000 -1.00
2111 1 1 6 028	-1.0 -1.0000 -1.0000 -1.00
2112 1 1 6 028	-1.0 -1.0000 -1.0000 -1.00
2113 1 1 6 041	-1.0 -1.0000 -1.0000 -1.00
2114 1 1 6 041	-1.0 -1.0000 -1.0000 -1.00
2115 1 1 6 041	-1.0 -1.0000 -1.0000 -1.00
2116 1 1 6 037	-1.0 -1.0000 -1.0000 -1.00
2117 1 1 6 037	-1.0 -1.0000 -1.0000 -1.00
2118 1 1 6 037	-1.0 -1.0000 -1.0000 -1.00
2119 1 1 6 033	-1.0 -1.0000 -1.0000 -1.00
2120 1 1 6 033	-1.0 -1.0000 -1.0000 -1.00
2121 1 1 6 033	-1.0 -1.0000 -1.0000 -1.00
2122 1 1 6 023	-1.0 -1.0000 -1.0000 -1.00
2123 1 1 6 023	-1.0 -1.0000 -1.0000 -1.00
2124 1 1 6 023	-1.0 -1.0000 -1.0000 -1.00
2125 1 1 6 003	-1.0 -1.0000 -1.0000 -1.00
2126 1 1 6 003	-1.0 -1.0000 -1.0000 -1.00
2127 1 1 6 003	-1.0 -1.0000 -1.0000 -1.00
2128 1 1 6 004	-1.0 -1.0000 -1.0000 -1.00
2129 1 1 6 004	-1.0 -1.0000 -1.0000 -1.00
2130 1 1 6 004	-1.0 -1.0000 -1.0000 -1.00
2131 1 1 6 054	-1.0 -1.0000 -1.0000 -1.00
2132 1 1 6 054	-1.0 -1.0000 -1.0000 -1.00
2133 1 1 6 054	-1.0 -1.0000 -1.0000 -1.00
2134 1 1 6 046	-1.0 -1.0000 -1.0000 -1.00
2135 1 1 6 046	-1.0 -1.0000 -1.0000 -1.00
2136 1 1 6 046	-1.0 -1.0000 -1.0000 -1.00
2137 1 1 6 053	-1.0 -1.0000 -1.0000 -1.00
2138 1 1 6 053	-1.0 -1.0000 -1.0000 -1.00
2139 1 1 6 053	-1.0 -1.0000 -1.0000 -1.00
2140 1 1 6 052	-1.0 -1.0000 -1.0000 -1.00
2141 1 1 6 052	-1.0 -1.0000 -1.0000 -1.00
2142 1 1 6 052	-1.0 -1.0000 -1.0000 -1.00
2143 1 1 6 047	-1.0 -1.0000 -1.0000 -1.00
2144 1 1 6 047	-1.0 -1.0000 -1.0000 -1.00
2145 1 1 6 047	-1.0 -1.0000 -1.0000 -1.00
2146 1 1 6 048	-1.0 -1.0000 -1.0000 -1.00
2147 1 1 6 048	-1.0 -1.0000 -1.0000 -1.00
2148 1 1 6 048	-1.0 -1.0000 -1.0000 -1.00
2149 1 1 6 049	-1.0 -1.0000 -1.0000 -1.00
2150 1 1 6 049	-1.0 -1.0000 -1.0000 -1.00
2151 1 1 6 049	-1.0 -1.0000 -1.0000 -1.00
2152 1 1 6 050	-1.0 -1.0000 -1.0000 -1.00
2153 1 1 6 050	-1.0 -1.0000 -1.0000 -1.00
2154 1 1 6 050	-1.0 -1.0000 -1.0000 -1.00
2157 1 1 6 051	-1.0 -1.0000 -1.0000 -1.00
2158 1 1 6 051	-1.0 -1.0000 -1.0000 -1.00
2159 1 1 6 051	-1.0 -1.0000 -1.0000 -1.00
2162 1 1 6 059	-1.0 -1.0000 -1.0000 -1.00
2163 1 1 6 059	-1.0 -1.0000 -1.0000 -1.00
2164 1 1 6 059	-1.0 -1.0000 -1.0000 -1.00
2165 1 1 6 082	-1.0 -1.0000 -1.0000 -1.00
2166 1 1 6 082	-1.0 -1.0000 -1.0000 -1.00
2167 1 1 6 082	-1.0 -1.0000 -1.0000 -1.00
2168 1 1 6 065	-1.0 -1.0000 -1.0000 -1.00
2169 1 1 6 065	-1.0 -1.0000 -1.0000 -1.00
2170 1 1 6 065	-1.0 -1.0000 -1.0000 -1.00
2171 1 1 6 074	-1.0 -1.0000 -1.0000 -1.00
2172 1 1 6 074	-1.0 -1.0000 -1.0000 -1.00
2173 1 1 6 074	-1.0 -1.0000 -1.0000 -1.00
2174 1 1 6 058	-1.0 -1.0000 -1.0000 -1.00
2175 1 1 6 058	-1.0 -1.0000 -1.0000 -1.00
2176 1 1 6 058	-1.0 -1.0000 -1.0000 -1.00
2177 1 1 6 062	-1.0 -1.0000 -1.0000 -1.00
2178 1 1 6 062	-1.0 -1.0000 -1.0000 -1.00
2179 1 1 6 062	-1.0 -1.0000 -1.0000 -1.00
2180 1 1 6 102	-1.0 -1.0000 -1.0000 -1.00
2181 1 1 6 102	-1.0 -1.0000 -1.0000 -1.00
2182 1 1 6 102	-1.0 -1.0000 -1.0000 -1.00
2183 1 1 6 068	-1.0 -1.0000 -1.0000 -1.00
2184 1 1 6 068	-1.0 -1.0000 -1.0000 -1.00
2185 1 1 6 068	-1.0 -1.0000 -1.0000 -1.00
2186 1 1 6 091	-1.0 -1.0000 -1.0000 -1.00
2187 1 1 6 091	-1.0 -1.0000 -1.0000 -1.00
2188 1 1 6 091	-1.0 -1.0000 -1.0000 -1.00
2189 1 1 6 057	-1.0 -1.0000 -1.0000 -1.00
2190 1 1 6 057	-1.0 -1.0000 -1.0000 -1.00
2191 1 1 6 057	-1.0 -1.0000 -1.0000 -1.00
2192 1 1 6 064	-1.0 -1.0000 -1.0000 -1.00
2193 1 1 6 064	-1.0 -1.0000 -1.0000 -1.00
2194 1 1 6 064	-1.0 -1.0000 -1.0000 -1.00
2195 1 1 6 096	-1.0 -1.0000 -1.0000 -1.00
2196 1 1 6 096	-1.0 -1.0000 -1.0000 -1.00
2197 1 1 6 096	-1.0 -1.0000 -1.0000 -1.00
2202 1 1 6 079	-1.0 -1.0000 -1.0000 -1.00
2203 1 1 6 079	-1.0 -1.0000 -1.0000 -1.00
2204 1 1 6 079	-1.0 -1.0000 -1.0000 -1.00
2205 1 1 6 055	-1.0 -1.0000 -1.0000 -1.00
2206 1 1 6 055	-1.0 -1.0000 -1.0000 -1.00
2207 1 1 6 055	-1.0 -1.0000 -1.0000 -1.00
2208 1 1 6 076	-1.0 -1.0000 -1.0000 -1.00
2209 1 1 6 076	-1.0 -1.0000 -1.0000 -1.00
2210 1 1 6 076	-1.0 -1.0000 -1.0000 -1.00
2211 1 1 6 077	-1.0 -1.0000 -1.0000 -1.00
2212 1 1 6 077	-1.0 -1.0000 -1.0000 -1.00
2213 1 1 6 077	-1.0 -1.0000 -1.0000 -1.00
2214 1 1 6 085	-1.0 -1.0000 -1.0000 -1.00
2215 1 1 6 085	-1.0 -1.0000 -1.0000 -1.00
2216 1 1 6 085	-1.0 -1.0000 -1.0000 -1.00
2217 1 1 6 069	-1.0 -1.0000 -1.0000 -1.00
2218 1 1 6 069	-1.0 -1.0000 -1.0000 -1.00
2219 1 1 6 069	-1.0 -1.0000 -1.0000 -1.00
2220 1 1 6 084	-1.0 -1.0000 -1.0000 -1.00
2221 1 1 6 084	-1.0 -1.0000 -1.0000 -1.00
2222 1 1 6 084	-1.0 -1.0000 -1.0000 -1.00
2223 1 1 6 078	-1.0 -1.0000 -1.0000 -1.00
2224 1 1 6 078	-1.0 -1.0000 -1.0000 -1.00
2225 1 1 6 078	-1.0 -1.0000 -1.0000 -1.00
2226 1 1 6 071	-1.0 -1.0000 -1.0000 -1.00
2227 1 1 6 071	-1.0 -1.0000 -1.0000 -1.00
2228 1 1 6 071	-1.0 -1.0000 -1.0000 -1.00
2229 1 1 6 081	-1.0 -1.0000 -1.0000 -1.00
2230 1 1 6 081	-1.0 -1.0000 -1.0000 -1.00
2231 1 1 6 081	-1.0 -1.0000 -1.0000 -1.00
2232 1 1 6 087	-1.0 -1.0000 -1.0000 -1.00
2233 1 1 6 087	-1.0 -1.0000 -1.0000 -1.00
2234 1 1 6 087	-1.0 -1.0000 -1.0000 -1.00
2235 1 1 6 067	-1.0 -1.0000 -1.0000 -1.00
2236 1 1 6 067	-1.0 -1.0000 -1.0000 -1.00
2237 1 1 6 067	-1.0 -1.0000 -1.0000 -1.00
2238 1 1 6 056	-1.0 -1.0000 -1.0000 -1.00
2239 1 1 6 056	-1.0 -1.0000 -1.0000 -1.00
2240 1 1 6 056	-1.0 -1.0000 -1.0000 -1.00
2241 1 1 6 066	-1.0 -1.0000 -1.0000 -1.00
2242 1 1 6 066	-1.0 -1.0000 -1.0000 -1.00
2243 1 1 6 066	-1.0 -1.0000 -1.0000 -1.00
2244 1 1 6 090	-1.0 -1.0000 -1.0000 -1.00
2247 1 1 6 090	-1.0 -1.0000 -1.0000 -1.00
2248 1 1 6 090	-1.0 -1.0000 -1.0000 -1.00
2249 1 1 6 080	-1.0 -1.0000 -1.0000 -1.00
2250 1 1 6 080	-1.0 -1.0000 -1.0000 -1.00
2251 1 1 6 080	-1.0 -1.0000 -1.0000 -1.00
2252 1 1 6 089	-1.0 -1.0000 -1.0000 -1.00
2253 1 1 6 089	-1.0 -1.0000 -1.0000 -1.00
2254 1 1 6 089	-1.0 -1.0000 -1.0000 -1.00
2255 1 1 6 083	-1.0 -1.0000 -1.0000 -1.00
2256 1 1 6 083	-1.0 -1.0000 -1.0000 -1.00
2257 1 1 6 083	-1.0 -1.0000 -1.0000 -1.00
2258 1 1 6 063	-1.0 -1.0000 -1.0000 -1.00
2259 1 1 6 063	-1.0 -1.0000 -1.0000 -1.00
2260 1 1 6 063	-1.0 -1.0000 -1.0000 -1.00
2261 1 1 6 075	-1.0 -1.0000 -1.0000 -1.00
2262 1 1 6 075	-1.0 -1.0000 -1.0000 -1.00
2263 1 1 6 075	-1.0 -1.0000 -1.0000 -1.00
2264 1 1 6 070	-1.0 -1.0000 -1.0000 -1.00
2265 1 1 6 070	-1.0 -1.0000 -1.0000 -1.00
2266 1 1 6 070	-1.0 -1.0000 -1.0000 -1.00
2267 1 1 6 086	-1.0 -1.0000 -1.0000 -1.00
2268 1 1 6 086	-1.0 -1.0000 -1.0000 -1.00
2269 1 1 6 086	-1.0 -1.0000 -1.0000 -1.00
2270 1 1 6 094	-1.0 -1.0000 -1.0000 -1.00
2271 1 1 6 094	-1.0 -1.0000 -1.0000 -1.00
2272 1 1 6 094	-1.0 -1.0000 -1.0000 -1.00
2273 1 1 6 101	-1.0 -1.0000 -1.0000 -1.00
2274 1 1 6 101	-1.0 -1.0000 -1.0000 -1.00
2275 1 1 6 101	-1.0 -1.0000 -1.0000 -1.00
2276 1 1 6 061	-1.0 -1.0000 -1.0000 -1.00
2277 1 1 6 061	-1.0 -1.0000 -1.0000 -1.00
2278 1 1 6 061	-1.0 -1.0000 -1.0000 -1.00
2279 1 1 6 060	-1.0 -1.0000 -1.0000 -1.00
2280 1 1 6 060	-1.0 -1.0000 -1.0000 -1.00
2281 1 1 6 060	-1.0 -1.0000 -1.0000 -1.00
2282 1 1 6 093	-1.0 -1.0000 -1.0000 -1.00
2283 1 1 6 093	-1.0 -1.0000 -1.0000 -1.00
2284 1 1 6 093	-1.0 -1.0000 -1.0000 -1.00
2285 1 1 6 088	-1.0 -1.0000 -1.0000 -1.00
2286 1 1 6 088	-1.0 -1.0000 -1.0000 -1.00
2287 1 1 6 088	-1.0 -1.0000 -1.0000 -1.00
2290 1 1 6 095	-1.0 -1.0000 -1.0000 -1.00
2291 1 1 6 095	-1.0 -1.0000 -1.0000 -1.00
2292 1 1 6 095	-1.0 -1.0000 -1.0000 -1.00
2293 1 1 6 092	-1.0 -1.0000 -1.0000 -1.00
2294 1 1 6 092	-1.0 -1.0000 -1.0000 -1.00
2295 1 1 6 092	-1.0 -1.0000 -1.0000 -1.00
2296 1 1 6 098	-1.0 -1.0000 -1.0000 -1.00
2297 1 1 6 098	-1.0 -1.0000 -1.0000 -1.00
2298 1 1 6 098	-1.0 -1.0000 -1.0000 -1.00
2299 1 1 6 099	-1.0 -1.0000 -1.0000 -1.00
2300 1 1 6 099	-1.0 -1.0000 -1.0000 -1.00
2301 1 1 6 099	-1.0 -1.0000 -1.0000 -1.00
2302 1 1 6 100	-1.0 -1.0000 -1.0000 -1.00
2303 1 1 6 100	-1.0 -1.0000 -1.0000 -1.00
2304 1 1 6 100	-1.0 -1.0000 -1.0000 -1.00
2305 1 1 6 097	-1.0 -1.0000 -1.0000 -1.00
2306 1 1 6 097	-1.0 -1.0000 -1.0000 -1.00
2307 1 1 6 097	-1.0 -1.0000 -1.0000 -1.00
